-78
16
-30
-60
10
60
-40
376
376
-12
-814
-614
654
-428
-812
-64
-20
236
488
916
944
-756
748
224
-724
508
344
946
-480
410
-240
718
676
-388
580
-98
-356
-392
-816
-764
806
496
-636
-418
-246
-798
234
832
86
60
-266
-102
-272
556
-1000
788
-482
-592
-446
-326
-118
426
-326
936
6
818
-740
336
38
840
-806
218
-132
-70
-446
-490
880
-116
770
-202
-8
-380
-996
872
-116
-210
852
394
22
-806
-396
-856
-280
388
42
54
414
-524
-934
-646
-260
26
-310
778
-884
770
-518
956
130
730
-934
740
-646
800
266
-370
-246
754
364
730
-708
624
-688
902
-516
48
246
790
-908
-270
-318
878
-56
48
-944
-236
716
-766
388
-724
120
-128
688
-182
-168
-808
-190
-824
2
-970
-640
970
700
354
792
742
-266
330
700
614
-536
-298
286
-506
248
-578
788
40
-336
-608
-986
-340
100
626
298
958
998
488
-762
722
626
962
-722
-996
-172
656
942
970
316
406
766
214
-128
-812
-834
-276
552
606
292
72
322
-426
-400
312
352
-440
-442
-676
926
-326
-56
-616
172
-980
992
958
-54
-608
734
-174
684
-122
-136
992
880
598
-462
892
126
-366
-324
328
632
958
-808
-782
-456
582
662
706
410
856
-908
324
-344
-8
-20
390
-644
730
-780
352
-112
36
582
-722
920
-814
852
-82
-476
-860
254
-438
-314
910
-864
-498
306
-646
-234
-614
888
-520
-438
944
-258
-460
698
-452
-374
-70
-580
-956
568
-482
922
976
-154
-506
-680
750
-24
960
980
38
894
-160
646
-958
994
-394
888
420
716
52
808
204
678
668
870
392
418
14
-786
116
-446
120
264
576
448
-888
-968
310
-322
80
892
586
-872
-26
442
684
160
-780
-884
358
-966
-786
58
-394
32
-884
-764
66
-78
174
986
242
430
-678
-704
656
-528
-128
-690
-738
710
-122
724
-592
728
-734
986
724
318
8
116
-918
-74
860
-464
-468
102
-546
576
-560
-200
-936
828
-788
710
418
218
-76
590
-126
-472
446
542
108
598
-282
618
-842
420
446
-914
604
-752
970
432
-978
-970
846
340
312
492
-138
-760
-30
-768
-688
530
-802
120
-212
796
-618
434
-702
742
86
618
440
-180
874
808
-970
-412
526
-618
-362
564
534
936
568
750
-552
-720
-304
746
904
-310
126
-374
-566
244
-480
930
622
636
-72
-80
-190
200
340
936
64
-436
-952
868
92
970
-698
806
590
164
422
-466
-354
480
516
112
962
-756
-370
-724
-526
526
-946
318
958
156
-214
500
952
-832
988
788
-304
648
-708
886
104
-662
-918
-990
-626
780
-602
714
-822
-1000
420
-596
626
-480
-106
142
986
-960
122
460
-914
582
-464
804
-576
-746
772
-238
320
-738
278
810
-788
-838
252
802
-446
-206
876
-74
638
-628
-466
252
-608
-260
-682
858
944
-888
858
312
-546
126
926
696
-318
-740
-502
882
92
-672
504
470
84
-42
188
36
596
-552
758
-118
-168
-380
294
538
-228
494
592
-572
-158
-474
852
-828
428
-486
698
606
730
-558
-934
-550
-812
-72
-784
888
664
748
752
-694
-544
-430
-978
402
-108
898
-758
138
-46
-492
298
234
-38
708
-954
890
246
624
728
-578
852
352
740
-538
770
352
-880
820
-492
-116
-810
764
858
-454
-586
-628
-726
-422
-984
438
-800
-900
760
338
-566
960
-726
-454
-396
-760
-338
94
-162
-788
594
-890
-506
366
-544
-972
-238
-804
560
-710
-318
-472
-492
166
888
888
-376
-154
-296
730
-88
166
-888
-884
152
-754
-456
848
480
514
-806
-980
968
-286
-122
296
-394
-130
-250
526
984
772
858
-304
-686
-250
166
-588
212
704
-260
970
380
676
472
-292
-388
-790
996
308
524
-502
-414
922
-262
-14
-842
472
614
480
-796
-472
676
-724
-798
262
886
174
534
460
-86
-94
46
-680
374
208
454
-176
-318
964
724
74
336
374
-408
276
-178
-60
-656
562
-170
14
918
522
926
-952
-606
-544
78
-188
-838
902
66
492
148
696
-124
560
-500
362
548
-532
460
-946
234
34
120
74
236
-348
-526
-164
828
-456
-254
520
682
78
-580
-718
818
-846
282
-998
-254
-216
-458
660
-868
-458
-416
732
800
-24
-72
-174
-444
-624
-374
16
738
-692
-884
-990
888
472
-810
706
-916
-608
584
-944
-186
-564
-374
942
222
-958
544
-692
-60
-644
-186
324
502
368
-136
-532
-404
-226
-572
-486
-118
-700
592
-366
360
976
-900
580
442
844
-826
-116
-58
-804
-154
-194
-828
860
814
992
0
440
508
724
-348
374
-740
116
64
684
-164
-296
102
-408
924
980
884
-786
-116
532
806
970
222
-196
-122
-42
-678
-226
80
-220
312
684
384
838
544
2
406
894
626
-478
242
710
-786
152
234
766
-400
928
-24
722
-322
190
654
228
-200
420
-452
-22
-654
-66
532
106
-204
-676
166
-924
964
412
-800
-328
50
74
396
-690
-776
770
688
-836
292
-614
-232
868
-966
-558
22
-330
-114
588
-576
-930
884
-372
-790
858
-494
-546
36
102
-250
96
-76
-154
-822
102
510
582
-292
-458
426
-434
522
192
-32
-960
598
134
-596
-702
474
824
-576
-938
902
114
628
220
920
-562
654
348
-996
-370
600
492
114
692
468
876
-690
812
-34
-200
452
-330
154
-90
-176
86
928
-790
310
712
-962
162
90
-608
-78
-510
18
-628
-732
380
-178
-390
-404
932
-24
416
-974
-226
320
-770
-876
-438
934
-424
-372
314
-762
688
-632
-694
228
334
410
736
-746
-544
742
104
-646
360
96
404
-846
-60
-866
-882
-368
726
-318
890
-284
82
254
-510
894
-818
-298
-858
-556
972
-906
586
594
318
-734
538
212
116
606
-822
196
-728
282
942
-416
766
-216
880
152
904
758
118
910
560
24
-758
-880
-564
-804
146
-324
-526
-428
908
324
856
10
112
-928
384
892
-896
-432
-856
20
-216
884
18
-804
130
-398
34
-160
810
-274
-906
334
-862
-738
438
-210
932
-352
-260
-314
-712
816
-552
-8
442
742
52
-428
214
492
678
468
-116
964
224
482
-266
792
924
-750
42
350
-246
-338
512
-160
820
-832
538
-316
452
-136
-396
-70
-888
906
242
-216
978
512
-784
-752
-322
-142
338
-22
364
886
-166
-706
-882
-822
984
136
58
14
-152
916
806
-906
624
652
-972
272
-258
-526
852
458
944
-982
182
228
762
144
834
-682
-804
-158
920
-578
-128
-382
394
-54
-298
316
-892
442
-432
-50
936
790
836
486
434
712
-552
964
664
-556
266
644
-488
-290
-456
-208
-482
-944
474
-390
952
-482
466
960
820
632
-788
-966
702
-764
462
696
-818
-536
-780
940
406
-364
888
-964
426
-692
872
298
-154
-484
-278
346
-776
-878
330
-430
102
-950
-100
844
-410
-90
944
-160
-910
-906
-278
800
-546
442
800
-792
-578
724
-602
-58
116
-598
390
-570
496
264
504
-592
-150
712
828
604
188
-92
-938
88
-602
-622
428
444
398
726
-606
-328
930
602
652
574
442
694
320
-634
-382
-594
406
548
972
224
-684
-722
-492
570
48
556
424
-318
852
436
-586
-392
484
-130
-610
-714
302
152
-188
-292
-14
592
444
180
-508
244
-184
656
-306
412
-78
-54
-704
958
106
-220
586
-770
166
294
374
-434
-114
884
-948
-936
368
118
958
872
730
596
408
-146
-92
-76
28
-328
152
462
236
620
52
-54
-346
962
536
-64
932
-324
372
-46
644
-654
-888
-714
-840
172
344
-236
-96
612
-304
616
884
-62
114
-638
46
-366
-594
374
704
-932
-300
356
308
348
102
-8
194
-516
-686
910
456
-364
602
572
-46
458
956
232
526
22
42
238
-112
-950
-116
-22
-898
932
602
-676
-330
-68
56
-722
-920
-278
720
588
-206
656
868
-986
724
-700
896
950
-602
64
236
226
-680
90
-814
-48
-602
-128
-802
-176
-668
-100
520
844
-338
510
-788
800
366
-714
-1000
-928
328
-604
466
-928
-126
906
-922
-268
-58
-442
-634
418
288
-904
-778
-658
-436
-282
-830
682
-626
-444
-382
112
370
-250
-66
414
-592
658
268
24
444
296
674
-86
306
-64
-412
290
468
616
916
732
-422
186
-920
-628
-742
470
500
46
16
28
-254
-306
-338
-968
830
-734
-918
54
380
822
-902
-792
68
-402
-336
692
-170
766
130
666
-900
358
-720
676
-636
444
192
-660
-980
222
-626
208
526
222
698
-248
-400
252
-406
574
-304
400
-456
-420
-64
-136
-294
762
796
662
-908
672
268
-36
626
352
-50
-258
-402
906
134
-452
-216
-606
-72
554
850
42
490
464
-192
594
-836
790
44
726
714
-24
-760
878
876
-120
338
396
-982
128
-652
-980
20
524
622
82
202
-628
628
-990
144
-18
192
-668
-386
50
-184
-744
416
-674
-748
24
-306
-376
220
-484
446
-698
102
-994
672
-82
-964
594
-1000
-334
-46
-508
396
340
-716
-354
-510
976
494
-770
576
-418
368
174
370
-472
580
-670
818
828
-4
172
-836
700
-684
130
228
-712
-408
292
862
-566
-56
-740
242
150
-724
-652
226
-176
8
166
-56
-632
972
806
-196
718
-538
784
836
538
-110
-834
-658
666
-626
-468
-270
664
702
-946
188
-164
-734
-902
558
872
734
-476
-848
-558
-842
-840
872
-994
-894
-970
-646
-824
52
480
322
476
-206
-762
798
514
376
-112
-414
756
198
954
878
580
-230
-446
-176
816
-814
-926
-2
-226
226
-162
-124
4
-372
532
-580
-454
-970
-742
624
528
142
800
-432
116
394
-602
-682
-492
936
348
836
424
510
618
-78
16
-30
-60
10
60
-40
376
376
-12
-814
-614
654
-428
-812
-64
-20
236
488
916
944
-756
748
224
-724
508
344
946
-480
410
-240
718
676
-388
580
-98
-356
-392
-816
-764
806
496
-636
-418
-246
-798
234
832
86
60
-266
-102
-272
556
-1000
788
-482
-592
-446
-326
-118
426
-326
936
6
818
-740
336
38
840
-806
218
-132
-70
-446
-490
880
-116
770
-202
-8
-380
-996
872
-116
-210
852
394
22
-806
-396
-856
-280
388
42
54
414
-524
-934
-646
-260
26
-310
778
-884
770
-518
956
130
730
-934
740
-646
800
266
-370
-246
754
364
730
-708
624
-688
902
-516
48
246
790
-908
-270
-318
878
-56
48
-944
-236
716
-766
388
-724
120
-128
688
-182
-168
-808
-190
-824
2
-970
-640
970
700
354
792
742
-266
330
700
614
-536
-298
286
-506
248
-578
788
40
-336
-608
-986
-340
100
626
298
958
998
488
-762
722
626
962
-722
-996
-172
656
942
970
316
406
766
214
-128
-812
-834
-276
552
606
292
72
322
-426
-400
312
352
-440
-442
-676
926
-326
-56
-616
172
-980
992
958
-54
-608
734
-174
684
-122
-136
992
880
598
-462
892
126
-366
-324
328
632
958
-808
-782
-456
582
662
706
410
856
-908
324
-344
-8
-20
390
-644
730
-780
352
-112
36
582
-722
920
-814
852
-82
-476
-860
254
-438
-314
910
-864
-498
306
-646
-234
-614
888
-520
-438
944
-258
-460
698
-452
-374
-70
-580
-956
568
-482
922
976
-154
-506
-680
750
-24
960
980
38
894
-160
646
-958
994
-394
888
420
716
52
808
204
678
668
870
392
418
14
-786
116
-446
120
264
576
448
-888
-968
310
-322
80
892
586
-872
-26
442
684
160
-780
-884
358
-966
-786
58
-394
32
-884
-764
66
-78
174
986
242
430
-678
-704
656
-528
-128
-690
-738
710
-122
724
-592
728
-734
986
724
318
8
116
-918
-74
860
-464
-468
102
-546
576
-560
-200
-936
828
-788
710
418
218
-76
590
-126
-472
446
542
108
598
-282
618
-842
420
446
-914
604
-752
970
432
-978
-970
846
340
312
492
-138
-760
-30
-768
-688
530
-802
120
-212
796
-618
434
-702
742
86
618
440
-180
874
808
-970
-412
526
-618
-362
564
534
936
568
750
-552
-720
-304
746
904
-310
126
-374
-566
244
-480
930
622
636
-72
-80
-190
200
340
936
64
-436
-952
868
92
970
-698
806
590
164
422
-466
-354
480
516
112
962
-756
-370
-724
-526
526
-946
318
958
156
-214
500
952
-832
988
788
-304
648
-708
886
104
-662
-918
-990
-626
780
-602
714
-822
-1000
420
-596
626
-480
-106
142
986
-960
122
460
-914
582
-464
804
-576
-746
772
-238
320
-738
278
810
-788
-838
252
802
-446
-206
876
-74
638
-628
-466
252
-608
-260
-682
858
944
-888
858
312
-546
126
926
696
-318
-740
-502
882
92
-672
504
470
84
-42
188
36
596
-552
758
-118
-168
-380
294
538
-228
494
592
-572
-158
-474
852
-828
428
-486
698
606
730
-558
-934
-550
-812
-72
-784
888
664
748
752
-694
-544
-430
-978
402
-108
898
-758
138
-46
-492
298
234
-38
708
-954
890
246
624
728
-578
852
352
740
-538
770
352
-880
820
-492
-116
-810
764
858
-454
-586
-628
-726
-422
-984
438
-800
-900
760
338
-566
960
-726
-454
-396
-760
-338
94
-162
-788
594
-890
-506
366
-544
-972
-238
-804
560
-710
-318
-472
-492
166
888
888
-376
-154
-296
730
-88
166
-888
-884
152
-754
-456
848
480
514
-806
-980
968
-286
-122
296
-394
-130
-250
526
984
772
858
-304
-686
-250
166
-588
212
704
-260
970
380
676
472
-292
-388
-790
996
308
524
-502
-414
922
-262
-14
-842
472
614
480
-796
-472
676
-724
-798
262
886
174
534
460
-86
-94
46
-680
374
208
454
-176
-318
964
724
74
336
374
-408
276
-178
-60
-656
562
-170
14
918
522
926
-952
-606
-544
78
-188
-838
902
66
492
148
696
-124
560
-500
362
548
-532
460
-946
234
34
120
74
236
-348
-526
-164
828
-456
-254
520
682
78
-580
-718
818
-846
282
-998
-254
-216
-458
660
-868
-458
-416
732
800
-24
-72
-174
-444
-624
-374
16
738
-692
-884
-990
888
472
-810
706
-916
-608
584
-944
-186
-564
-374
942
222
-958
544
-692
-60
-644
-186
324
502
368
-136
-532
-404
-226
-572
-486
-118
-700
592
-366
360
976
-900
580
442
844
-826
-116
-58
-804
-154
-194
-828
860
814
992
0
440
508
724
-348
374
-740
116
64
684
-164
-296
102
-408
924
980
884
-786
-116
532
806
970
222
-196
-122
-42
-678
-226
80
-220
312
684
384
838
544
2
406
894
626
-478
242
710
-786
152
234
766
-400
928
-24
722
-322
190
654
228
-200
420
-452
-22
-654
-66
532
106
-204
-676
166
-924
964
412
-800
-328
50
74
396
-690
-776
770
688
-836
292
-614
-232
868
-966
-558
22
-330
-114
588
-576
-930
884
-372
-790
858
-494
-546
36
102
-250
96
-76
-154
-822
102
510
582
-292
-458
426
-434
522
192
-32
-960
598
134
-596
-702
474
824
-576
-938
902
114
628
220
920
-562
654
348
-996
-370
600
492
114
692
468
876
-690
812
-34
-200
452
-330
154
-90
-176
86
928
-790
310
712
-962
162
90
-608
-78
-510
18
-628
-732
380
-178
-390
-404
932
-24
416
-974
-226
320
-770
-876
-438
934
-424
-372
314
-762
688
-632
-694
228
334
410
736
-746
-544
742
104
-646
360
96
404
-846
-60
-866
-882
-368
726
-318
890
-284
82
254
-510
894
-818
-298
-858
-556
972
-906
586
594
318
-734
538
212
116
606
-822
196
-728
282
942
-416
766
-216
880
152
904
758
118
910
560
24
-758
-880
-564
-804
146
-324
-526
-428
908
324
856
10
112
-928
384
892
-896
-432
-856
20
-216
884
18
-804
130
-398
34
-160
810
-274
-906
334
-862
-738
438
-210
932
-352
-260
-314
-712
816
-552
-8
442
742
52
-428
214
492
678
468
-116
964
224
482
-266
792
924
-750
42
350
-246
-338
512
-160
820
-832
538
-316
452
-136
-396
-70
-888
906
242
-216
978
512
-784
-752
-322
-142
338
-22
364
886
-166
-706
-882
-822
984
136
58
14
-152
916
806
-906
624
652
-972
272
-258
-526
852
458
944
-982
182
228
762
144
834
-682
-804
-158
920
-578
-128
-382
394
-54
-298
316
-892
442
-432
-50
936
790
836
486
434
712
-552
964
664
-556
266
644
-488
-290
-456
-208
-482
-944
474
-390
952
-482
466
960
820
632
-788
-966
702
-764
462
696
-818
-536
-780
940
406
-364
888
-964
426
-692
872
298
-154
-484
-278
346
-776
-878
330
-430
102
-950
-100
844
-410
-90
944
-160
-910
-906
-278
800
-546
442
800
-792
-578
724
-602
-58
116
-598
390
-570
496
264
504
-592
-150
712
828
604
188
-92
-938
88
-602
-622
428
444
398
726
-606
-328
930
602
652
574
442
694
320
-634
-382
-594
406
548
972
224
-684
-722
-492
570
48
556
424
-318
852
436
-586
-392
484
-130
-610
-714
302
152
-188
-292
-14
592
444
180
-508
244
-184
656
-306
412
-78
-54
-704
958
106
-220
586
-770
166
294
374
-434
-114
884
-948
-936
368
118
958
872
730
596
408
-146
-92
-76
28
-328
152
462
236
620
52
-54
-346
962
536
-64
932
-324
372
-46
644
-654
-888
-714
-840
172
344
-236
-96
612
-304
616
884
-62
114
-638
46
-366
-594
374
704
-932
-300
356
308
348
102
-8
194
-516
-686
910
456
-364
602
572
-46
458
956
232
526
22
42
238
-112
-950
-116
-22
-898
932
602
-676
-330
-68
56
-722
-920
-278
720
588
-206
656
868
-986
724
-700
896
950
-602
64
236
226
-680
90
-814
-48
-602
-128
-802
-176
-668
-100
520
844
-338
510
-788
800
366
-714
-1000
-928
328
-604
466
-928
-126
906
-922
-268
-58
-442
-634
418
288
-904
-778
-658
-436
-282
-830
682
-626
-444
-382
112
370
-250
-66
414
-592
658
268
24
444
296
674
-86
306
-64
-412
290
468
616
916
732
-422
186
-920
-628
-742
470
500
46
16
28
-254
-306
-338
-968
830
-734
-918
54
380
822
-902
-792
68
-402
-336
692
-170
766
130
666
-900
358
-720
676
-636
444
192
-660
-980
222
-626
208
526
222
698
-248
-400
252
-406
574
-304
400
-456
-420
-64
-136
-294
762
796
662
-908
672
268
-36
626
352
-50
-258
-402
906
134
-452
-216
-606
-72
554
850
42
490
464
-192
594
-836
790
44
726
714
-24
-760
878
876
-120
338
396
-982
128
-652
-980
20
524
622
82
202
-628
628
-990
144
-18
192
-668
-386
50
-184
-744
416
-674
-748
24
-306
-376
220
-484
446
-698
102
-994
672
-82
-964
594
-1000
-334
-46
-508
396
340
-716
-354
-510
976
494
-770
576
-418
368
174
370
-472
580
-670
818
828
-4
172
-836
700
-684
130
228
-712
-408
292
862
-566
-56
-740
242
150
-724
-652
226
-176
8
166
-56
-632
972
806
-196
718
-538
784
836
538
-110
-834
-658
666
-626
-468
-270
664
702
-946
188
-164
-734
-902
558
872
734
-476
-848
-558
-842
-840
872
-994
-894
-970
-646
-824
52
480
322
476
-206
-762
798
514
376
-112
-414
756
198
954
878
580
-230
-446
-176
816
-814
-926
-2
-226
226
-162
-124
4
-372
532
-580
-454
-970
-742
624
528
142
800
-432
116
394
-602
-682
-492
936
348
836
424
510
618
-684
748
754
968
-900
798
714
804
-248
-802
348
782
-558
896
-292
-854
206
-550
142
624
-644
-680
-84
574
-256
-784
-110
-176
72
-724
890
776
840
-894
656
-454
-226
948
594
230
358
-122
806
-998
-730
-440
618
-46
-780
204
-578
308
472
-298
-834
868
594
-410
612
682
-586
754
288
-130
-458
146
22
334
-510
-950
-660
-84
-328
370
-546
-174
-92
-812
-234
-412
546
46
-830
856
-584
-232
-120
-120
-1000
-468
260
846
-374
-298
2
562
944
-624
-120
-12
714
816
28
-676
-774
744
8
448
516
-692
-244
-18
-164
656
-32
658
488
-18
468
86
546
734
-778
986
206
680
738
358
-144
42
-250
716
800
262
582
952
262
112
-272
-36
-112
-718
234
968
254
564
360
210
848
-632
394
654
-142
-436
178
-500
-98
586
-136
4
-878
-946
-866
-192
-168
492
-368
-574
-656
108
496
-866
-458
-364
84
-592
-56
-572
-660
948
630
-396
-718
-292
794
696
-594
-332
-76
960
-700
128
-210
-684
-208
966
-36
-690
-728
-112
-114
820
202
-664
506
-268
-224
-424
-46
-214
-494
788
-962
256
20
-508
700
-924
478
-742
-436
960
66
608
-492
-960
-634
496
-328
262
278
140
-480
830
216
882
808
-486
158
-454
-322
-348
-320
540
278
-78
16
-30
-60
10
60
-40
376
376
-12
-814
-614
654
-428
-812
-64
-20
236
488
916
944
-756
748
224
-724
508
344
946
-480
410
-240
718
676
-388
580
-98
-356
-392
-816
-764
806
496
-636
-418
-246
-798
234
832
86
60
-266
-102
-272
556
-1000
788
-482
-592
-446
-326
-118
426
-326
936
6
818
-740
336
38
840
-806
218
-132
-70
-446
-490
880
-116
770
-202
-8
-380
-996
872
-116
-210
852
394
22
-806
-396
-856
-280
388
42
54
414
-524
-934
-646
-260
26
-310
778
-884
770
-518
956
130
730
-934
740
-646
800
266
-370
-246
754
364
730
-708
624
-688
902
-516
48
246
790
-908
-270
-318
878
-56
48
-944
-236
716
-766
388
-724
120
-128
688
-182
-168
-808
-190
-824
2
-970
-640
970
700
354
792
742
-266
330
700
614
-536
-298
286
-506
248
-578
788
40
-336
-608
-986
-340
100
626
298
958
998
488
-762
722
626
962
-722
-996
-172
656
942
970
316
406
766
214
-128
-812
-834
-276
552
606
292
72
322
-426
-400
312
352
-440
-442
-676
926
-326
-56
-616
172
-980
992
958
-54
-608
734
-174
684
-122
-136
992
880
598
-462
892
126
-366
-324
328
632
958
-808
-782
-456
582
662
706
410
856
-908
324
-344
-8
-20
390
-644
730
-780
352
-112
36
582
-722
920
-814
852
-82
-476
-860
254
-438
-314
910
-864
-498
306
-646
-234
-614
888
-520
-438
944
-258
-460
698
-452
-374
-70
-580
-956
568
-482
922
976
-154
-506
-680
750
-24
960
980
38
894
-160
646
-958
994
-394
888
420
716
52
808
204
678
668
870
392
418
14
-786
116
-446
120
264
576
448
-888
-968
310
-322
80
892
586
-872
-26
442
684
160
-780
-884
358
-966
-786
58
-394
32
-884
-764
66
-78
174
986
242
430
-678
-704
656
-528
-128
-690
-738
710
-122
724
-592
728
-734
986
724
318
8
116
-918
-74
860
-464
-468
102
-546
576
-560
-200
-936
828
-788
710
418
218
-76
590
-126
-472
446
542
108
598
-282
618
-842
420
446
-914
604
-752
970
432
-978
-970
846
340
312
492
-138
-760
-30
-768
-688
530
-802
120
-212
796
-618
434
-702
742
86
618
440
-180
874
808
-970
-412
526
-618
-362
564
534
936
568
750
-552
-720
-304
746
904
-310
126
-374
-566
244
-480
930
622
636
-72
-80
-190
200
340
936
64
-436
-952
868
92
970
-698
806
590
164
422
-466
-354
480
516
112
962
-756
-370
-724
-526
526
-946
318
958
156
-214
500
952
-832
988
788
-304
648
-708
886
104
-662
-918
-990
-626
780
-602
714
-822
-1000
420
-596
626
-480
-106
142
986
-960
122
460
-914
582
-464
804
-576
-746
772
-238
320
-738
278
810
-788
-838
252
802
-446
-206
876
-74
638
-628
-466
252
-608
-260
-682
858
944
-888
858
312
-546
126
926
696
-318
-740
-502
882
92
-672
504
470
84
-42
188
36
596
-552
758
-118
-168
-380
294
538
-228
494
592
-572
-158
-474
852
-828
428
-486
698
606
730
-558
-934
-550
-812
-72
-784
888
664
748
752
-694
-544
-430
-978
402
-108
898
-758
138
-46
-492
298
234
-38
708
-954
890
246
624
728
-578
852
352
740
-538
770
352
-880
820
-492
-116
-810
764
858
-454
-586
-628
-726
-422
-984
438
-800
-900
760
338
-566
960
-726
-454
-396
-760
-338
94
-162
-788
594
-890
-506
366
-544
-972
-238
-804
560
-710
-318
-472
-492
166
888
888
-376
-154
-296
730
-88
166
-888
-884
152
-754
-456
848
480
514
-806
-980
968
-286
-122
296
-394
-130
-250
526
984
772
858
-304
-686
-250
166
-588
212
704
-260
970
380
676
472
-292
-388
-790
996
308
524
-502
-414
922
-262
-14
-842
472
614
480
-796
-472
676
-724
-798
262
886
174
534
460
-86
-94
46
-680
374
208
454
-176
-318
964
724
74
336
374
-408
276
-178
-60
-656
562
-170
14
918
522
926
-952
-606
-544
78
-188
-838
902
66
492
148
696
-124
560
-500
362
548
-532
460
-946
234
34
120
74
236
-348
-526
-164
828
-456
-254
520
682
78
-580
-718
818
-846
282
-998
-254
-216
-458
660
-868
-458
-416
732
800
-24
-72
-174
-444
-624
-374
16
738
-692
-884
-990
888
472
-810
706
-916
-608
584
-944
-186
-564
-374
942
222
-958
544
-692
-60
-644
-186
324
502
368
-136
-532
-404
-226
-572
-486
-118
-700
592
-366
360
976
-900
580
442
844
-826
-116
-58
-804
-154
-194
-828
860
814
992
0
440
508
724
-348
374
-740
116
64
684
-164
-296
102
-408
924
980
884
-786
-116
532
806
970
222
-196
-122
-42
-678
-226
80
-220
312
684
384
838
544
2
406
894
626
-478
242
710
-786
152
234
766
-400
928
-24
722
-322
190
654
228
-200
420
-452
-22
-654
-66
532
106
-204
-676
166
-924
964
412
-800
-328
50
74
396
-690
-776
770
688
-836
292
-614
-232
868
-966
-558
22
-330
-114
588
-576
-930
884
-372
-790
858
-494
-546
36
102
-250
96
-76
-154
-822
102
510
582
-292
-458
426
-434
522
192
-32
-960
598
134
-596
-702
474
824
-576
-938
902
114
628
220
920
-562
654
348
-996
-370
600
492
114
692
468
876
-690
812
-34
-200
452
-330
154
-90
-176
86
928
-790
310
712
-962
162
90
-608
-78
-510
18
-628
-732
380
-178
-390
-404
932
-24
416
-974
-226
320
-770
-876
-438
934
-424
-372
314
-762
688
-632
-694
228
334
410
736
-746
-544
742
104
-646
360
96
404
-846
-60
-866
-882
-368
726
-318
890
-284
82
254
-510
894
-818
-298
-858
-556
972
-906
586
594
318
-734
538
212
116
606
-822
196
-728
282
942
-416
766
-216
880
152
904
758
118
910
560
24
-758
-880
-564
-804
146
-324
-526
-428
908
324
856
10
112
-928
384
892
-896
-432
-856
20
-216
884
18
-804
130
-398
34
-160
810
-274
-906
334
-862
-738
438
-210
932
-352
-260
-314
-712
816
-552
-8
442
742
52
-428
214
492
678
468
-116
964
224
482
-266
792
924
-750
42
350
-246
-338
512
-160
820
-832
538
-316
452
-136
-396
-70
-888
906
242
-216
978
512
-784
-752
-322
-142
338
-22
364
886
-166
-706
-882
-822
984
136
58
14
-152
916
806
-906
624
652
-972
272
-258
-526
852
458
944
-982
182
228
762
144
834
-682
-804
-158
920
-578
-128
-382
394
-54
-298
316
-892
442
-432
-50
936
790
836
486
434
712
-552
964
664
-556
266
644
-488
-290
-456
-208
-482
-944
474
-390
952
-482
466
960
820
632
-788
-966
702
-764
462
696
-818
-536
-780
940
406
-364
888
-964
426
-692
872
298
-154
-484
-278
346
-776
-878
330
-430
102
-950
-100
844
-410
-90
944
-160
-910
-906
-278
800
-546
442
800
-792
-578
724
-602
-58
116
-598
390
-570
496
264
504
-592
-150
712
828
604
188
-92
-938
88
-602
-622
428
444
398
726
-606
-328
930
602
652
574
442
694
320
-634
-382
-594
406
548
972
224
-684
-722
-492
570
48
556
424
-318
852
436
-586
-392
484
-130
-610
-714
302
152
-188
-292
-14
592
444
180
-508
244
-184
656
-306
412
-78
-54
-704
958
106
-220
586
-770
166
294
374
-434
-114
884
-948
-936
368
118
958
872
730
596
408
-146
-92
-76
28
-328
152
462
236
620
52
-54
-346
962
536
-64
932
-324
372
-46
644
-654
-888
-714
-840
172
344
-236
-96
612
-304
616
884
-62
114
-638
46
-366
-594
374
704
-932
-300
356
308
348
102
-8
194
-516
-686
910
456
-364
602
572
-46
458
956
232
526
22
42
238
-112
-950
-116
-22
-898
932
602
-676
-330
-68
56
-722
-920
-278
720
588
-206
656
868
-986
724
-700
896
950
-602
64
236
226
-680
90
-814
-48
-602
-128
-802
-176
-668
-100
520
844
-338
510
-788
800
366
-714
-1000
-928
328
-604
466
-928
-126
906
-922
-268
-58
-442
-634
418
288
-904
-778
-658
-436
-282
-830
682
-626
-444
-382
112
370
-250
-66
414
-592
658
268
24
444
296
674
-86
306
-64
-412
290
468
616
916
732
-422
186
-920
-628
-742
470
500
46
16
28
-254
-306
-338
-968
830
-734
-918
54
380
822
-902
-792
68
-402
-336
692
-170
766
130
666
-900
358
-720
676
-636
444
192
-660
-980
222
-626
208
526
222
698
-248
-400
252
-406
574
-304
400
-456
-420
-64
-136
-294
762
796
662
-908
672
268
-36
626
352
-50
-258
-402
906
134
-452
-216
-606
-72
554
850
42
490
464
-192
594
-836
790
44
726
714
-24
-760
878
876
-120
338
396
-982
128
-652
-980
20
524
622
82
202
-628
628
-990
144
-18
192
-668
-386
50
-184
-744
416
-674
-748
24
-306
-376
220
-484
446
-698
102
-994
672
-82
-964
594
-1000
-334
-46
-508
396
340
-716
-354
-510
976
494
-770
576
-418
368
174
370
-472
580
-670
818
828
-4
172
-836
700
-684
130
228
-712
-408
292
862
-566
-56
-740
242
150
-724
-652
226
-176
8
166
-56
-632
972
806
-196
718
-538
784
836
538
-110
-834
-658
666
-626
-468
-270
664
702
-946
188
-164
-734
-902
558
872
734
-476
-848
-558
-842
-840
872
-994
-894
-970
-646
-824
52
480
322
476
-206
-762
798
514
376
-112
-414
756
198
954
878
580
-230
-446
-176
816
-814
-926
-2
-226
226
-162
-124
4
-372
532
-580
-454
-970
-742
624
528
142
800
-432
116
394
-602
-682
-492
936
348
836
424
510
618
-684
748
754
968
-900
798
714
804
-248
-802
348
782
-558
896
-292
-854
206
-550
142
624
-644
-680
-84
574
-256
-784
-110
-176
72
-724
890
776
840
-894
656
-454
-226
948
594
230
358
-122
806
-998
-730
-440
618
-46
-780
204
-578
308
472
-298
-834
868
594
-410
612
682
-586
754
288
-130
-458
146
22
334
-510
-950
-660
-84
-328
370
-546
-174
-92
-812
-234
-412
546
46
-830
856
-584
-232
-120
-120
-1000
-468
260
846
-374
-298
2
562
944
-624
-120
-12
714
816
28
-676
-774
744
8
448
516
-692
-244
-18
-164
656
-32
658
488
-18
468
86
546
734
-778
986
206
680
738
358
-144
42
-250
716
800
262
582
952
262
112
-272
-36
-112
-718
234
968
254
564
360
210
848
-632
394
654
-142
-436
178
-500
-98
586
-136
4
-878
-946
-866
-192
-168
492
-368
-574
-656
108
496
-866
-458
-364
84
-592
-56
-572
-660
948
630
-396
-718
-292
794
696
-594
-332
-76
960
-700
128
-210
-684
-208
966
-36
-690
-728
-112
-114
820
202
-664
506
-268
-224
-424
-46
-214
-494
788
-962
256
20
-508
700
-924
478
-742
-436
960
66
608
-492
-960
-634
496
-328
262
278
140
-480
830
216
882
808
-486
158
-454
-322
-348
-320
540
278
924
218
-276
86
124
394
594
-528
-682
-706
492
952
494
468
-846
-802
486
814
316
-426
678
-342
490
678
926
300
270
798
18
516
378
-860
-322
692
-56
-46
934
-924
-158
966
-30
900
12
-552
194
694
-502
898
16
172
-110
844
194
618
-212
956
-196
-380
322
-90
258
-192
-760
-300
-760
284
-962
480
670
766
-8
870
998
-124
-672
512
-874
42
426
150
-514
-164
-844
774
340
608
-336
-218
-340
-568
64
-808
676
-440
-92
-938
882
568
-204
816
-528
254
-416
882
-128
-720
618
644
866
-28
400
804
364
140
-246
690
840
-902
188
-274
240
-250
-692
-262
-486
258
-136
-390
-328
-960
98
522
-1000
-374
-422
228
-74
-670
166
974
78
-802
-286
620
-64
-878
-208
262
-698
564
-774
18
222
-834
448
-62
-968
824
-464
-310
-346
-998
952
-730
-28
-756
164
858
492
958
600
346
42
906
632
892
-776
376
-886
430
688
-928
-318
-716
-448
-584
474
768
-858
-264
360
36
472
814
992
-378
864
-418
812
914
494
436
96
236
-890
896
-662
584
-524
372
44
950
-790
-672
736
-360
100
886
-930
-118
776
282
814
-482
-294
262
968
-364
-720
488
896
-366
80
394
974
384
-884
562
304
924
-474
-868
368
-200
-180
-912
430
-78
16
-30
-60
10
60
-40
376
376
-12
-814
-614
654
-428
-812
-64
-20
236
488
916
944
-756
748
224
-724
508
344
946
-480
410
-240
718
676
-388
580
-98
-356
-392
-816
-764
806
496
-636
-418
-246
-798
234
832
86
60
-266
-102
-272
556
-1000
788
-482
-592
-446
-326
-118
426
-326
936
6
818
-740
336
38
840
-806
218
-132
-70
-446
-490
880
-116
770
-202
-8
-380
-996
872
-116
-210
852
394
22
-806
-396
-856
-280
388
42
54
414
-524
-934
-646
-260
26
-310
778
-884
770
-518
956
130
730
-934
740
-646
800
266
-370
-246
754
364
730
-708
624
-688
902
-516
48
246
790
-908
-270
-318
878
-56
48
-944
-236
716
-766
388
-724
120
-128
688
-182
-168
-808
-190
-824
2
-970
-640
970
700
354
792
742
-266
330
700
614
-536
-298
286
-506
248
-578
788
40
-336
-608
-986
-340
100
626
298
958
998
488
-762
722
626
962
-722
-996
-172
656
942
970
316
406
766
214
-128
-812
-834
-276
552
606
292
72
322
-426
-400
312
352
-440
-442
-676
926
-326
-56
-616
172
-980
992
958
-54
-608
734
-174
684
-122
-136
992
880
598
-462
892
126
-366
-324
328
632
958
-808
-782
-456
582
662
706
410
856
-908
324
-344
-8
-20
390
-644
730
-780
352
-112
36
582
-722
920
-814
852
-82
-476
-860
254
-438
-314
910
-864
-498
306
-646
-234
-614
888
-520
-438
944
-258
-460
698
-452
-374
-70
-580
-956
568
-482
922
976
-154
-506
-680
750
-24
960
980
38
894
-160
646
-958
994
-394
888
420
716
52
808
204
678
668
870
392
418
14
-786
116
-446
120
264
576
448
-888
-968
310
-322
80
892
586
-872
-26
442
684
160
-780
-884
358
-966
-786
58
-394
32
-884
-764
66
-78
174
986
242
430
-678
-704
656
-528
-128
-690
-738
710
-122
724
-592
728
-734
986
724
318
8
116
-918
-74
860
-464
-468
102
-546
576
-560
-200
-936
828
-788
710
418
218
-76
590
-126
-472
446
542
108
598
-282
618
-842
420
446
-914
604
-752
970
432
-978
-970
846
340
312
492
-138
-760
-30
-768
-688
530
-802
120
-212
796
-618
434
-702
742
86
618
440
-180
874
808
-970
-412
526
-618
-362
564
534
936
568
750
-552
-720
-304
746
904
-310
126
-374
-566
244
-480
930
622
636
-72
-80
-190
200
340
936
64
-436
-952
868
92
970
-698
806
590
164
422
-466
-354
480
516
112
962
-756
-370
-724
-526
526
-946
318
958
156
-214
500
952
-832
988
788
-304
648
-708
886
104
-662
-918
-990
-626
780
-602
714
-822
-1000
420
-596
626
-480
-106
142
986
-960
122
460
-914
582
-464
804
-576
-746
772
-238
320
-738
278
810
-788
-838
252
802
-446
-206
876
-74
638
-628
-466
252
-608
-260
-682
858
944
-888
858
312
-546
126
926
696
-318
-740
-502
882
92
-672
504
470
84
-42
188
36
596
-552
758
-118
-168
-380
294
538
-228
494
592
-572
-158
-474
852
-828
428
-486
698
606
730
-558
-934
-550
-812
-72
-784
888
664
748
752
-694
-544
-430
-978
402
-108
898
-758
138
-46
-492
298
234
-38
708
-954
890
246
624
728
-578
852
352
740
-538
770
352
-880
820
-492
-116
-810
764
858
-454
-586
-628
-726
-422
-984
438
-800
-900
760
338
-566
960
-726
-454
-396
-760
-338
94
-162
-788
594
-890
-506
366
-544
-972
-238
-804
560
-710
-318
-472
-492
166
888
888
-376
-154
-296
730
-88
166
-888
-884
152
-754
-456
848
480
514
-806
-980
968
-286
-122
296
-394
-130
-250
526
984
772
858
-304
-686
-250
166
-588
212
704
-260
970
380
676
472
-292
-388
-790
996
308
524
-502
-414
922
-262
-14
-842
472
614
480
-796
-472
676
-724
-798
262
886
174
534
460
-86
-94
46
-680
374
208
454
-176
-318
964
724
74
336
374
-408
276
-178
-60
-656
562
-170
14
918
522
926
-952
-606
-544
78
-188
-838
902
66
492
148
696
-124
560
-500
362
548
-532
460
-946
234
34
120
74
236
-348
-526
-164
828
-456
-254
520
682
78
-580
-718
818
-846
282
-998
-254
-216
-458
660
-868
-458
-416
732
800
-24
-72
-174
-444
-624
-374
16
738
-692
-884
-990
888
472
-810
706
-916
-608
584
-944
-186
-564
-374
942
222
-958
544
-692
-60
-644
-186
324
502
368
-136
-532
-404
-226
-572
-486
-118
-700
592
-366
360
976
-900
580
442
844
-826
-116
-58
-804
-154
-194
-828
860
814
992
0
440
508
724
-348
374
-740
116
64
684
-164
-296
102
-408
924
980
884
-786
-116
532
806
970
222
-196
-122
-42
-678
-226
80
-220
312
684
384
838
544
2
406
894
626
-478
242
710
-786
152
234
766
-400
928
-24
722
-322
190
654
228
-200
420
-452
-22
-654
-66
532
106
-204
-676
166
-924
964
412
-800
-328
50
74
396
-690
-776
770
688
-836
292
-614
-232
868
-966
-558
22
-330
-114
588
-576
-930
884
-372
-790
858
-494
-546
36
102
-250
96
-76
-154
-822
102
510
582
-292
-458
426
-434
522
192
-32
-960
598
134
-596
-702
474
824
-576
-938
902
114
628
220
920
-562
654
348
-996
-370
600
492
114
692
468
876
-690
812
-34
-200
452
-330
154
-90
-176
86
928
-790
310
712
-962
162
90
-608
-78
-510
18
-628
-732
380
-178
-390
-404
932
-24
416
-974
-226
320
-770
-876
-438
934
-424
-372
314
-762
688
-632
-694
228
334
410
736
-746
-544
742
104
-646
360
96
404
-846
-60
-866
-882
-368
726
-318
890
-284
82
254
-510
894
-818
-298
-858
-556
972
-906
586
594
318
-734
538
212
116
606
-822
196
-728
282
942
-416
766
-216
880
152
904
758
118
910
560
24
-758
-880
-564
-804
146
-324
-526
-428
908
324
856
10
112
-928
384
892
-896
-432
-856
20
-216
884
18
-804
130
-398
34
-160
810
-274
-906
334
-862
-738
438
-210
932
-352
-260
-314
-712
816
-552
-8
442
742
52
-428
214
492
678
468
-116
964
224
482
-266
792
924
-750
42
350
-246
-338
512
-160
820
-832
538
-316
452
-136
-396
-70
-888
906
242
-216
978
512
-784
-752
-322
-142
338
-22
364
886
-166
-706
-882
-822
984
136
58
14
-152
916
806
-906
624
652
-972
272
-258
-526
852
458
944
-982
182
228
762
144
834
-682
-804
-158
920
-578
-128
-382
394
-54
-298
316
-892
442
-432
-50
936
790
836
486
434
712
-552
964
664
-556
266
644
-488
-290
-456
-208
-482
-944
474
-390
952
-482
466
960
820
632
-788
-966
702
-764
462
696
-818
-536
-780
940
406
-364
888
-964
426
-692
872
298
-154
-484
-278
346
-776
-878
330
-430
102
-950
-100
844
-410
-90
944
-160
-910
-906
-278
800
-546
442
800
-792
-578
724
-602
-58
116
-598
390
-570
496
264
504
-592
-150
712
828
604
188
-92
-938
88
-602
-622
428
444
398
726
-606
-328
930
602
652
574
442
694
320
-634
-382
-594
406
548
972
224
-684
-722
-492
570
48
556
424
-318
852
436
-586
-392
484
-130
-610
-714
302
152
-188
-292
-14
592
444
180
-508
244
-184
656
-306
412
-78
-54
-704
958
106
-220
586
-770
166
294
374
-434
-114
884
-948
-936
368
118
958
872
730
596
408
-146
-92
-76
28
-328
152
462
236
620
52
-54
-346
962
536
-64
932
-324
372
-46
644
-654
-888
-714
-840
172
344
-236
-96
612
-304
616
884
-62
114
-638
46
-366
-594
374
704
-932
-300
356
308
348
102
-8
194
-516
-686
910
456
-364
602
572
-46
458
956
232
526
22
42
238
-112
-950
-116
-22
-898
932
602
-676
-330
-68
56
-722
-920
-278
720
588
-206
656
868
-986
724
-700
896
950
-602
64
236
226
-680
90
-814
-48
-602
-128
-802
-176
-668
-100
520
844
-338
510
-788
800
366
-714
-1000
-928
328
-604
466
-928
-126
906
-922
-268
-58
-442
-634
418
288
-904
-778
-658
-436
-282
-830
682
-626
-444
-382
112
370
-250
-66
414
-592
658
268
24
444
296
674
-86
306
-64
-412
290
468
616
916
732
-422
186
-920
-628
-742
470
500
46
16
28
-254
-306
-338
-968
830
-734
-918
54
380
822
-902
-792
68
-402
-336
692
-170
766
130
666
-900
358
-720
676
-636
444
192
-660
-980
222
-626
208
526
222
698
-248
-400
252
-406
574
-304
400
-456
-420
-64
-136
-294
762
796
662
-908
672
268
-36
626
352
-50
-258
-402
906
134
-452
-216
-606
-72
554
850
42
490
464
-192
594
-836
790
44
726
714
-24
-760
878
876
-120
338
396
-982
128
-652
-980
20
524
622
82
202
-628
628
-990
144
-18
192
-668
-386
50
-184
-744
416
-674
-748
24
-306
-376
220
-484
446
-698
102
-994
672
-82
-964
594
-1000
-334
-46
-508
396
340
-716
-354
-510
976
494
-770
576
-418
368
174
370
-472
580
-670
818
828
-4
172
-836
700
-684
130
228
-712
-408
292
862
-566
-56
-740
242
150
-724
-652
226
-176
8
166
-56
-632
972
806
-196
718
-538
784
836
538
-110
-834
-658
666
-626
-468
-270
664
702
-946
188
-164
-734
-902
558
872
734
-476
-848
-558
-842
-840
872
-994
-894
-970
-646
-824
52
480
322
476
-206
-762
798
514
376
-112
-414
756
198
954
878
580
-230
-446
-176
816
-814
-926
-2
-226
226
-162
-124
4
-372
532
-580
-454
-970
-742
624
528
142
800
-432
116
394
-602
-682
-492
936
348
836
424
510
618
-684
748
754
968
-900
798
714
804
-248
-802
348
782
-558
896
-292
-854
206
-550
142
624
-644
-680
-84
574
-256
-784
-110
-176
72
-724
890
776
840
-894
656
-454
-226
948
594
230
358
-122
806
-998
-730
-440
618
-46
-780
204
-578
308
472
-298
-834
868
594
-410
612
682
-586
754
288
-130
-458
146
22
334
-510
-950
-660
-84
-328
370
-546
-174
-92
-812
-234
-412
546
46
-830
856
-584
-232
-120
-120
-1000
-468
260
846
-374
-298
2
562
944
-624
-120
-12
714
816
28
-676
-774
744
8
448
516
-692
-244
-18
-164
656
-32
658
488
-18
468
86
546
734
-778
986
206
680
738
358
-144
42
-250
716
800
262
582
952
262
112
-272
-36
-112
-718
234
968
254
564
360
210
848
-632
394
654
-142
-436
178
-500
-98
586
-136
4
-878
-946
-866
-192
-168
492
-368
-574
-656
108
496
-866
-458
-364
84
-592
-56
-572
-660
948
630
-396
-718
-292
794
696
-594
-332
-76
960
-700
128
-210
-684
-208
966
-36
-690
-728
-112
-114
820
202
-664
506
-268
-224
-424
-46
-214
-494
788
-962
256
20
-508
700
-924
478
-742
-436
960
66
608
-492
-960
-634
496
-328
262
278
140
-480
830
216
882
808
-486
158
-454
-322
-348
-320
540
278
924
218
-276
86
124
394
594
-528
-682
-706
492
952
494
468
-846
-802
486
814
316
-426
678
-342
490
678
926
300
270
798
18
516
378
-860
-322
692
-56
-46
934
-924
-158
966
-30
900
12
-552
194
694
-502
898
16
172
-110
844
194
618
-212
956
-196
-380
322
-90
258
-192
-760
-300
-760
284
-962
480
670
766
-8
870
998
-124
-672
512
-874
42
426
150
-514
-164
-844
774
340
608
-336
-218
-340
-568
64
-808
676
-440
-92
-938
882
568
-204
816
-528
254
-416
882
-128
-720
618
644
866
-28
400
804
364
140
-246
690
840
-902
188
-274
240
-250
-692
-262
-486
258
-136
-390
-328
-960
98
522
-1000
-374
-422
228
-74
-670
166
974
78
-802
-286
620
-64
-878
-208
262
-698
564
-774
18
222
-834
448
-62
-968
824
-464
-310
-346
-998
952
-730
-28
-756
164
858
492
958
600
346
42
906
632
892
-776
376
-886
430
688
-928
-318
-716
-448
-584
474
768
-858
-264
360
36
472
814
992
-378
864
-418
812
914
494
436
96
236
-890
896
-662
584
-524
372
44
950
-790
-672
736
-360
100
886
-930
-118
776
282
814
-482
-294
262
968
-364
-720
488
896
-366
80
394
974
384
-884
562
304
924
-474
-868
368
-200
-180
-912
430
