-78
-81
23
81
-37
39
16
-30
-60
3
-49
10
60
-15
-40
376
376
-12
-814
-855
-614
-173
-233
-743
-197
654
-428
-812
937
-64
-20
-907
236
-755
529
488
-245
916
121
944
661
-793
-756
748
385
224
337
-724
508
344
29
871
-493
-723
946
909
-480
-371
-665
410
-240
718
676
-441
-388
580
897
-153
-98
-577
-356
-392
-816
-793
-764
-341
806
496
-636
-949
-418
907
653
-246
-798
234
609
832
86
60
-266
-941
-7
-102
-903
733
-413
-272
556
735
861
-985
-1000
788
-482
-592
-446
-326
-118
426
329
827
-307
-505
-326
-989
-413
936
-867
527
119
41
6
818
-740
336
1
38
491
-219
840
-806
218
-181
-132
-70
697
-797
-831
707
-203
-446
-490
433
880
-116
770
-202
869
-149
-8
-11
-380
-659
-996
679
872
-681
-116
-210
852
879
-183
-749
-837
394
-333
-39
22
-806
-396
-393
871
-856
-979
-280
388
42
54
1
414
641
-524
541
103
247
-934
923
-646
867
-260
26
761
-93
-547
185
85
-547
-310
175
947
-247
-849
778
-884
-573
457
770
373
-518
956
130
730
569
783
601
727
-919
-934
989
740
-99
829
-646
-931
-683
800
266
-370
-669
-246
754
691
-567
364
730
31
-155
-708
624
745
-688
-277
381
-629
-351
902
-516
48
246
-23
749
790
-908
-270
-805
-318
878
-56
-69
48
-944
757
-575
-236
-465
716
-766
-917
111
993
15
-551
185
363
135
388
-724
-971
120
-201
-128
-395
521
371
688
-721
-509
-182
-168
-171
-808
-385
791
-190
683
-251
619
-363
703
-824
2
-299
-365
-970
-441
-315
-640
970
-285
-315
-729
700
5
354
792
789
742
-266
330
700
614
-536
765
-298
-989
286
-801
-506
-291
283
983
39
248
-117
-578
71
-495
788
-103
-797
689
40
-336
-539
-608
-986
-499
-340
-35
575
100
-191
626
507
298
-181
-993
958
998
157
488
-909
-762
722
-249
626
962
-593
-565
-722
561
579
-996
-172
656
942
-115
970
7
305
-845
316
406
919
766
214
-128
-812
91
-779
-259
327
-239
371
-834
-675
-276
552
606
292
-385
72
322
-201
-426
-400
312
81
352
-440
569
443
173
339
919
-442
-676
926
-981
-326
-56
-413
-616
741
661
172
963
-980
992
849
958
-147
-54
-595
-608
675
-161
734
221
-174
-607
684
375
-122
-136
992
880
598
275
-753
693
-462
892
-99
91
461
126
-366
-324
328
632
-955
958
-808
837
-317
-293
-782
-456
582
662
-299
706
410
856
-3
-908
324
-344
669
-8
-20
-955
390
-599
-644
730
-780
352
-112
-957
36
-257
465
582
-557
-722
920
-814
852
925
-315
-82
935
-943
623
-476
-860
883
-221
254
-438
-314
-279
37
-9
910
-864
879
-498
306
-646
-234
649
-614
-667
888
-520
721
-395
-438
-543
-553
944
-258
-359
47
75
831
-460
698
-452
-374
-70
-765
-580
659
21
-956
829
568
-482
922
-297
976
-154
-475
425
713
-39
-787
-506
-909
869
-680
971
750
-561
-24
903
523
960
980
245
631
38
207
933
894
-160
111
-417
969
819
-69
-659
281
23
646
-958
215
994
-394
-453
809
888
420
749
269
716
52
-939
808
-205
747
204
678
668
323
281
870
-471
392
983
-507
-315
-287
418
14
-786
473
116
-446
120
264
576
448
-888
-968
310
-85
69
-322
111
-485
80
827
-133
-805
313
892
586
-872
587
-26
442
684
-355
151
160
-807
-780
929
-884
407
-959
358
-966
531
-786
-373
58
-394
349
223
32
-281
-884
-764
66
-78
174
301
-667
986
-625
242
430
901
311
-678
-704
-615
656
-528
-128
307
829
591
-690
261
-738
710
-122
-451
724
-583
387
467
441
-592
728
-734
986
-375
724
-757
318
8
813
-77
-233
116
-918
-217
41
-965
-521
-74
860
-464
519
659
-468
-631
102
-546
-319
576
951
861
143
-560
727
-200
-936
828
-719
-371
-788
549
755
497
710
418
218
-593
-76
590
371
395
-705
831
-126
-472
446
-757
-675
-269
542
-219
108
-337
-347
691
598
-282
618
-842
420
446
-767
443
-914
604
-752
913
-535
543
970
432
-978
-970
-661
-209
846
429
340
312
492
637
-825
-138
-523
-760
-19
-30
-981
-847
-768
-688
-149
327
-905
551
530
-802
120
-212
796
455
-725
-618
434
-87
-702
742
-629
86
-631
917
618
440
-180
93
874
808
527
-647
-970
891
-129
737
-412
526
-739
-618
-362
425
321
-391
-607
-337
564
-285
613
534
936
568
750
-552
-720
125
-304
746
111
904
-310
126
779
-374
913
-566
977
244
37
-480
677
930
622
636
-72
-80
-190
209
200
340
103
936
945
64
-177
-225
-436
-705
-923
-952
868
35
129
695
92
970
-577
-698
643
615
806
955
-871
-997
-97
590
-67
164
422
621
-466
-354
480
516
112
-743
-111
563
-555
962
-756
719
-370
-724
-921
-526
-403
526
163
-231
389
279
-946
318
958
115
156
-214
-969
35
500
993
-489
952
-832
-273
988
788
-304
648
-313
297
269
-708
886
-199
104
-662
923
-918
53
895
-990
-783
-626
-777
-241
780
377
989
311
-31
-602
-949
561
-207
714
-822
673
-1000
-109
-811
420
-596
626
-480
863
-106
142
986
159
393
-960
122
460
-914
582
-464
-655
-105
804
-605
-576
-746
281
772
-238
320
-738
-745
915
-725
278
810
481
-788
671
-838
-53
252
549
802
-551
-833
-446
-206
277
876
-451
-74
638
-628
-466
252
-608
-879
555
-260
-317
195
-682
858
944
-275
-888
858
603
312
-546
126
926
696
-737
-318
-740
-502
882
737
92
-672
975
883
-755
504
773
470
-857
693
84
-939
-731
-42
313
188
-21
36
-825
596
-552
758
-118
-168
-380
294
538
-497
-228
-397
-719
494
592
923
-572
-158
-474
-405
971
-663
363
852
-675
-828
428
-303
-33
-486
698
-431
606
-837
3
730
-601
543
-558
277
-934
-23
-159
313
437
-653
-429
103
-550
-812
909
-689
-72
-784
-381
888
664
748
752
-694
-544
-693
185
813
-430
-978
402
-108
249
907
563
898
-157
-758
138
145
-601
-46
-641
-492
298
225
234
-38
-313
-7
-491
708
341
-954
-163
-915
547
-687
890
246
624
183
-505
728
845
-578
225
967
389
852
83
352
417
157
740
-538
21
770
-103
352
83
-379
-295
159
415
-880
820
-492
-9
-835
-116
-810
165
764
869
858
-454
-586
-628
-726
697
-422
-984
438
-800
445
593
909
223
-445
-900
760
338
-827
919
593
321
-566
960
-211
63
-726
-187
-454
-1
-396
-905
-760
-633
-607
-338
-237
919
94
-162
-788
594
-890
401
513
-506
366
739
-544
-972
-238
479
487
-804
560
-710
-318
517
-472
-492
289
-689
33
971
-523
-29
883
-139
757
166
888
888
-376
-213
123
-855
-154
935
-296
283
730
-523
-237
-88
-441
-73
525
-719
-671
166
585
-888
-657
-884
152
-754
-456
848
-869
-601
480
-927
514
-383
-806
341
355
-980
-449
621
413
949
968
203
999
-286
-122
296
-394
-130
-845
-547
-250
526
984
772
858
-995
635
-304
-686
-250
-35
166
-555
873
-588
212
79
704
-563
-260
970
-799
331
380
357
-691
676
-765
472
283
-292
645
-591
37
-388
-790
996
-699
-663
308
-215
524
-502
-414
-653
922
561
-262
-789
-14
-842
703
472
614
-313
480
-796
-472
233
676
871
133
-724
393
-49
-798
262
886
-857
174
534
-815
460
-86
747
-94
46
-680
374
-917
873
215
409
208
555
454
-176
-318
964
747
65
724
74
533
336
374
-408
276
-178
-493
-60
-656
562
-170
14
918
522
926
-952
-606
-544
78
-799
-349
-847
-188
381
-973
-838
-561
399
902
981
66
829
-781
899
-987
29
-35
-845
-431
492
148
696
-124
560
315
723
-487
-691
-299
-500
362
548
-532
460
-587
-809
535
121
-946
-679
425
234
34
-619
120
74
863
615
236
-707
7
553
-689
33
-348
-749
-526
-693
-164
-831
828
-456
-254
520
682
-539
78
885
375
11
-580
-718
-667
818
47
-846
282
-998
-671
-254
-216
-458
660
-868
885
-458
143
-416
999
732
800
-401
231
-24
487
-1
-72
-174
-444
-624
-374
-43
16
397
-579
738
-692
-884
65
-990
888
472
-810
706
-916
-608
-53
-679
584
-944
-186
-564
583
-374
942
269
-547
222
-695
691
553
183
-301
-958
-179
-525
544
163
-692
-977
-60
-644
-373
81
747
719
-186
324
351
502
368
-136
-532
-645
-404
-226
-572
-486
-118
-700
-845
592
-366
417
360
-599
-289
976
-900
580
442
844
-826
-116
-58
-804
927
-154
-673
-611
-194
-828
-427
860
814
992
0
701
440
508
597
-195
724
579
-935
-348
374
-740
116
-431
-311
64
-83
684
705
-269
-164
-296
102
-408
567
875
924
980
-605
611
884
-786
429
-543
-943
-116
393
9
532
-965
739
806
970
222
-196
-122
-42
-678
-239
-226
80
-293
501
691
-220
312
684
384
838
403
309
-517
544
-527
2
406
894
897
626
275
-478
242
663
710
-199
893
-786
152
-77
-779
234
-165
766
-400
343
928
449
969
-24
722
59
-322
611
159
190
654
228
751
487
-375
47
-200
420
-223
-933
31
755
305
-311
133
469
-452
-949
-22
-817
-1
-654
567
-66
-65
532
-373
106
-204
-676
219
166
-955
-137
635
-513
-619
-924
-335
673
561
964
-333
-911
412
-965
-800
-328
50
74
396
-701
365
-831
-690
-776
770
688
-836
292
-614
543
749
-232
-317
868
-966
-558
-877
111
22
-330
-169
-114
-137
135
357
843
588
-511
-163
27
-107
-576
-930
207
884
-372
791
-790
-379
-883
858
-989
-101
293
907
121
-494
-333
397
711
-546
849
36
737
102
315
-250
96
-293
-467
-76
61
-163
683
-154
-191
-822
102
603
813
510
95
-155
582
-292
-458
-321
426
393
-315
893
-434
-783
522
-301
192
-32
-960
-505
598
105
-317
-725
134
-391
651
43
833
-581
-596
-702
474
824
-576
-938
902
114
-195
628
220
920
-562
654
348
-996
-370
600
492
114
692
468
876
-107
-121
-690
-465
812
31
-201
743
285
-277
-34
169
-200
993
-33
885
-735
452
-951
421
-330
615
154
239
-643
789
-90
-176
86
928
-790
-741
491
521
73
310
712
985
-962
162
277
90
-987
-813
-608
23
573
-78
-510
18
-628
933
541
-732
-699
531
380
-178
193
301
579
767
-229
-390
-404
-139
-51
371
932
-24
416
-974
445
-913
715
-226
320
621
-770
-876
-438
-25
-353
934
-197
191
469
-845
-823
-424
-372
101
553
611
314
465
-479
-762
688
-632
-694
228
-907
-999
-303
334
410
736
-746
-544
742
104
-379
-646
360
411
-387
96
404
-846
-447
-60
737
-866
-971
577
-882
87
-368
726
-39
-318
195
-393
-857
890
-284
569
82
254
981
-510
894
727
-943
-818
-298
607
-858
-556
-153
972
693
-906
-513
586
663
594
318
161
-734
691
538
212
-257
116
606
567
-822
-977
451
919
893
-781
196
-559
865
-728
282
-5
942
-657
-416
766
-216
880
119
963
595
595
152
-105
904
758
118
165
910
-687
-349
560
24
-758
255
-880
-564
-804
146
-299
-324
-526
-428
908
-745
324
856
10
-249
859
975
535
112
-928
384
-781
33
871
583
-21
892
-896
-683
-432
-856
20
-216
884
18
683
-804
130
123
-398
727
-271
379
34
-160
-413
-255
810
453
-625
-274
-906
-617
17
413
334
-862
-738
353
-275
397
438
-210
932
915
-352
745
-599
-803
-753
-260
-314
405
-712
3
495
816
-552
-8
442
55
742
52
-428
214
-725
955
-587
361
492
-339
678
468
-977
-116
964
224
482
-29
-266
792
963
924
-750
42
350
-246
-338
512
-160
689
423
205
185
661
820
593
-832
-855
538
-316
97
452
59
-136
-396
-70
-888
-719
906
242
-216
-557
978
512
-784
709
-752
-71
861
711
-141
-322
-142
338
149
917
-22
259
745
-25
-619
333
364
-597
886
-166
-706
-882
831
-822
917
565
-367
984
136
-717
58
14
-152
916
806
-831
-906
624
-693
652
-51
-972
-755
469
205
-801
272
-299
-729
-258
183
-141
-526
87
852
547
-297
458
944
-982
-63
182
228
441
503
331
-447
762
144
834
805
-627
-682
-471
-804
739
-158
841
611
-733
657
920
305
-967
-578
-128
-382
-97
-891
665
-585
394
-905
-54
-298
316
-892
129
442
603
205
-432
659
-23
313
-219
-50
-29
936
790
836
486
434
121
712
-173
-129
931
-552
811
964
664
-556
266
644
-567
-488
-290
-456
-543
85
343
95
-208
-482
-37
-944
-911
474
-390
952
-482
466
960
820
632
-788
-966
417
-453
-757
702
537
-623
-764
-731
462
-309
689
-883
-777
696
469
-818
-536
-780
940
406
-364
888
-964
426
-67
-692
781
-929
-519
872
298
-154
-484
-425
-278
191
919
346
-776
49
-999
-878
-309
330
-430
-717
703
619
102
-950
-100
844
-581
-629
-410
-90
-121
-103
-923
944
5
-575
-157
-160
-910
-906
-278
800
-546
442
561
-87
800
139
-792
-405
-578
473
724
-889
689
-602
-58
-813
643
116
683
-598
15
390
381
-570
496
-907
559
-383
264
579
959
504
-357
-592
-150
712
377
-281
-409
828
604
-581
188
-643
-92
-23
-179
-537
33
-938
88
591
899
-602
-622
-113
428
953
399
444
398
-659
726
-606
827
-201
-328
930
669
602
-987
593
652
574
442
561
694
320
-634
-382
-594
406
548
972
224
229
-684
-722
-492
570
-73
48
-881
-5
-75
-765
-609
-723
-967
481
617
353
147
556
811
424
49
353
-318
852
436
-337
-911
-905
-839
475
-73
551
735
-586
-392
-771
484
589
-130
-610
-714
302
152
-188
-292
831
-385
-14
213
-973
-923
-319
263
-579
592
444
749
-247
-175
-783
180
-508
-7
991
27
-451
244
-184
656
-306
111
412
-581
735
521
-78
-54
-704
-639
958
106
-327
119
375
-220
-841
489
586
-663
-770
191
166
331
294
859
537
374
-67
387
565
-943
-434
-114
884
625
-911
-948
-936
-819
-13
368
641
747
-267
-379
118
-695
833
923
-437
958
872
730
596
408
-91
-259
-146
-451
-661
-92
631
885
-76
-531
-419
28
-328
937
133
-817
549
-91
152
462
236
-567
309
620
52
-54
-346
962
129
805
159
536
-64
293
715
932
-324
372
-46
-91
644
171
787
-789
-315
201
-654
725
-289
-485
-63
-451
-793
679
-888
-714
107
-840
172
344
-236
-96
612
-875
-304
616
884
-25
-62
-703
573
114
-638
-681
46
-366
705
-594
374
-401
-987
-69
704
-932
-300
356
-245
308
-197
348
102
939
-8
194
59
-516
-977
-686
910
607
397
705
456
-364
-729
393
439
-455
83
-565
307
101
602
572
227
-181
-46
529
458
956
621
601
232
-193
133
-837
-945
-979
526
22
42
-927
238
-112
-950
-116
-22
279
-898
932
387
602
-549
-676
-331
-931
-330
427
-68
-173
915
741
56
-722
-920
-711
-278
720
588
-206
633
656
-869
-647
868
319
-986
724
-700
-961
215
896
950
-602
-523
64
-885
236
226
-680
-565
90
-814
-48
-602
-128
-802
-176
-668
-100
59
520
-693
844
537
-338
510
-788
155
-385
800
153
366
-714
-1000
845
319
-928
328
989
-604
921
95
466
525
391
379
843
-223
-393
-385
333
407
-928
-126
497
906
489
-91
-451
79
-922
-268
11
737
-58
629
-442
-125
903
207
-634
529
-529
418
288
-904
-778
-113
-658
187
-436
-282
-830
457
682
-843
205
-626
-313
-444
-382
112
370
-250
-66
414
907
261
729
-592
925
-909
658
268
-561
24
444
413
-269
-977
296
674
-143
545
371
-86
306
871
-923
547
-64
-412
-269
-683
545
290
-781
-771
468
616
535
916
732
-422
365
186
-920
661
-628
-851
107
-742
971
-71
470
500
46
-957
16
195
-367
719
-199
487
28
-883
-73
-697
-593
-254
-306
-338
-968
-885
199
830
107
-734
-918
54
380
-527
-777
822
285
683
-373
-902
-792
68
197
-785
661
337
379
609
-963
109
-402
79
-336
692
643
-170
-693
766
697
130
73
666
-900
-919
358
-720
676
-636
667
444
-595
-771
-229
-833
-209
192
-660
-980
261
851
-917
379
-187
222
37
-626
293
-139
208
585
526
222
698
-248
-400
252
-965
-413
-853
-406
574
-304
400
-456
357
-420
-11
-345
-64
-407
449
253
-136
-294
762
227
379
-985
-943
743
796
-241
-795
662
425
-908
672
268
-36
626
-353
-503
352
-50
-305
695
649
-147
-258
17
-402
425
906
134
-452
329
-216
399
-207
859
849
257
717
-606
-72
779
554
597
850
367
541
141
983
667
-339
42
490
464
-192
-1
594
-836
-181
-995
790
44
-385
-863
726
714
-24
-760
878
-815
637
876
-273
-120
338
396
-982
-803
128
-31
-652
-980
-855
20
-61
305
-121
505
524
622
909
753
227
82
202
-628
697
-13
628
-990
144
-57
-517
-18
192
-499
755
-668
-605
-386
131
50
-184
-744
-467
-141
543
855
416
-674
-181
-748
24
-306
-376
220
697
975
-484
-465
446
-221
-698
-875
-55
-9
-793
-649
102
177
-987
-994
672
783
-82
345
443
-964
594
171
-1000
-334
819
-497
-46
-508
396
-829
340
-716
-354
-510
605
976
494
-770
576
-418
368
505
973
174
-927
370
97
-472
580
-670
865
818
-661
828
165
-487
265
-4
172
273
937
-836
700
857
561
-684
-837
130
-143
459
-123
228
-712
93
-265
-899
741
-408
-823
292
-623
-9
862
-717
-863
249
-129
-983
625
-566
-56
-149
-740
323
242
150
877
-617
-649
-724
67
-652
226
509
-176
325
-675
8
-603
-819
166
989
183
-953
-56
-632
972
806
-196
103
718
-538
675
784
599
836
538
-110
339
-834
879
-427
581
-658
666
-915
697
-626
-468
-270
995
953
229
664
433
285
702
-946
-663
188
819
801
-164
-734
-291
809
931
-902
558
872
734
-476
133
-848
781
881
-558
-195
123
677
-543
-991
-842
-840
407
601
872
-994
-563
-749
-894
-970
-59
911
-805
367
-646
-824
52
-85
357
-309
-617
383
480
-937
322
476
919
471
211
-957
-206
853
943
-531
-389
-762
775
798
461
-631
514
376
-112
-363
67
-414
756
-243
198
954
-893
879
123
878
821
621
580
-230
-515
-446
-176
816
-814
-333
-926
-2
-45
247
-863
-226
925
279
917
-165
226
-162
-124
655
4
-372
-29
-63
532
-580
-454
-970
-881
-407
571
549
-937
863
883
967
-742
624
-325
15
528
-391
142
335
800
-432
-187
-867
377
116
394
-602
195
-682
-492
255
-237
936
348
-841
837
701
836
-19
424
510
618
443
797
423
-975
479
-851
199
-221
991
637
-684
535
513
748
754
968
-900
767
798
801
714
804
-543
-248
-802
-387
348
782
-558
896
-599
-549
507
-629
-292
-697
479
-935
33
-854
-213
206
-651
-433
-550
783
-315
-593
-819
142
311
624
-644
-680
-84
574
-256
-784
213
-110
-741
37
-176
72
213
667
-307
25
-724
291
890
776
840
-894
-669
656
-143
873
275
-881
795
211
-454
-226
463
948
594
230
507
358
-891
-122
806
479
-998
-730
-440
618
-46
-780
204
-439
-479
-578
308
-249
-961
603
472
-319
-298
-834
-259
839
379
868
427
594
-410
93
612
682
613
577
-586
201
-679
754
288
-871
-653
65
-130
657
-458
146
22
334
-510
-950
-660
827
-84
-791
-328
599
-963
370
-195
-546
-151
597
161
-174
-92
179
-812
-234
-705
-412
807
405
337
-309
546
46
-830
856
-39
-513
-993
-499
-584
-232
-120
-120
-1000
-805
-468
260
-169
846
635
-374
651
-298
2
-699
-613
562
944
589
-893
-37
-624
-120
-729
683
-12
714
816
28
159
493
-337
-676
-774
43
744
8
448
-213
516
-692
791
-779
-735
-244
-18
389
-297
131
-164
656
-945
281
-32
269
658
-643
-715
488
-18
823
459
468
-213
86
733
-909
607
323
546
734
-778
-187
463
986
206
303
951
680
738
-351
-553
358
-144
-745
42
683
-250
-37
716
800
-319
262
582
952
262
112
-837
-272
925
-36
419
-112
-718
234
968
-553
577
887
254
249
-563
564
-881
-823
13
87
103
55
-915
35
-451
360
75
707
210
848
-632
394
-127
949
654
-142
-731
-436
178
255
-221
-500
419
-98
411
586
-136
543
-347
609
4
-973
-878
791
-946
75
131
-971
-411
867
-866
-192
-168
-241
-79
492
-368
-323
997
-574
-769
-656
-223
108
-451
181
825
496
-309
193
337
677
675
-753
-609
93
-313
-866
425
483
-93
-639
-377
-458
-364
84
-592
-56
127
-669
-572
909
-660
948
630
-273
233
-396
-718
-292
794
696
-17
765
-209
25
453
-835
-594
-332
-76
960
455
-313
-700
128
-210
315
-415
677
723
-684
-208
-893
761
966
269
-36
-690
231
-728
577
-865
175
321
-112
-499
-729
-114
820
261
71
202
185
-664
506
-285
611
-268
739
-333
-527
-224
-424
-46
201
-214
951
491
-494
788
341
-962
256
20
-508
-31
700
-924
478
-742
-461
861
-923
889
-436
-311
960
66
608
-909
621
721
933
-492
-960
-634
-547
-785
496
-525
-328
-361
262
278
-341
140
-480
-521
830
-227
973
987
216
882
471
983
808
-486
-109
-353
619
365
203
943
871
-285
158
-454
-322
-348
-320
540
-655
-615
278
-121
813
509
705
-141
924
269
218
529
-567
-276
86
124
-665
394
953
329
763
594
-528
437
-333
517
-211
793
23
-879
-682
531
-706
-367
492
287
952
695
494
-59
468
-846
-802
-259
-341
299
486
-705
814
316
-426
678
-489
-342
490
-645
-471
678
926
-309
-381
300
75
270
798
-995
799
18
516
378
-359
799
647
-860
-55
-322
63
692
-777
-49
595
695
855
-529
955
-641
-56
-46
934
5
-595
-333
553
-924
271
-158
966
-30
900
12
-773
-552
194
694
-502
898
751
16
172
-991
531
203
241
-110
-287
-99
-917
379
844
194
-885
613
618
-212
956
-495
831
-196
579
-380
899
-707
322
-90
783
113
327
-301
258
335
-275
-192
-760
425
-300
-760
177
284
-962
480
-615
-103
670
453
766
595
-8
767
870
998
-543
-124
-745
-672
512
553
869
481
-874
42
-185
426
150
-565
719
-11
-514
-164
-844
774
-41
-497
229
903
340
608
-487
-973
-336
-218
-340
-705
-568
739
64
-808
459
827
-349
676
-325
725
-440
-92
-938
545
-139
882
991
568
-204
816
-528
254
-416
882
-871
-128
-343
-720
763
-49
-391
618
644
866
-28
369
400
-31
559
-305
804
805
-597
364
140
-246
690
840
-902
188
619
-213
-337
-979
-274
240
307
-250
-692
-347
-262
-486
827
-931
258
-136
-390
-328
-453
163
-977
-960
995
977
151
247
289
98
-407
-889
-319
522
585
-1000
611
447
-329
-374
-422
228
-685
-74
285
-670
-917
987
87
166
-537
885
-729
974
78
643
111
-802
-953
-286
620
-64
277
-878
-208
262
-698
564
841
-337
-774
-401
-855
493
-873
349
157
589
18
-483
222
423
-834
448
-971
-455
-62
-968
824
-245
545
243
313
-464
-443
-310
-473
557
777
-79
167
417
-346
-998
-757
-485
952
-730
-28
-756
164
-935
858
492
958
600
346
321
-697
42
906
409
795
-243
632
411
892
-776
376
-886
7
673
-293
430
688
881
-551
-971
-928
-318
-715
-593
333
-716
-371
57
-448
-584
989
-377
323
839
474
-735
768
-799
-858
-323
87
327
-264
360
36
-791
472
814
749
1
-921
992
-333
-378
864
757
-55
-418
727
537
812
914
853
494
899
436
96
236
-890
871
896
595
-662
584
-629
-524
372
44
950
907
-790
-861
465
853
-672
747
736
-360
457
-815
100
886
-415
-930
-118
776
-307
282
533
814
-482
-294
-215
-43
262
968
-364
-720
488
491
697
103
-665
-791
896
-366
80
173
394
974
873
109
61
384
795
531
589
-884
-889
562
304
907
-931
281
924
139
-474
-868
368
-200
-180
-912
-507
-295
430
