-81
23
81
-37
39
3
-49
-15
-855
-173
-233
-743
-197
937
-907
-755
529
-245
121
661
-793
385
337
29
871
-493
-723
909
-371
-665
-441
897
-153
-577
-793
-341
-949
907
653
609
-941
-7
-903
733
-413
735
861
-985
329
827
-307
-505
-989
-413
-867
527
119
41
1
491
-219
-181
697
-797
-831
707
-203
433
869
-149
-11
-659
679
-681
879
-183
-749
-837
-333
-39
-393
871
-979
1
641
541
103
247
923
867
761
-93
-547
185
85
-547
175
947
-247
-849
-573
457
373
569
783
601
727
-919
989
-99
829
-931
-683
-669
691
-567
31
-155
745
-277
381
-629
-351
-23
749
-805
-69
757
-575
-465
-917
111
993
15
-551
185
363
135
-971
-201
-395
521
371
-721
-509
-171
-385
791
683
-251
619
-363
703
-299
-365
-441
-315
-285
-315
-729
5
789
765
-989
-801
-291
283
983
39
-117
71
-495
-103
-797
689
-539
-499
-35
575
-191
507
-181
-993
157
-909
-249
-593
-565
561
579
-115
7
305
-845
919
91
-779
-259
327
-239
371
-675
-385
-201
81
569
443
173
339
919
-981
-413
741
661
963
849
-147
-595
675
-161
221
-607
375
275
-753
693
-99
91
461
-955
837
-317
-293
-299
-3
669
-955
-599
-957
-257
465
-557
925
-315
935
-943
623
883
-221
-279
37
-9
879
649
-667
721
-395
-543
-553
-359
47
75
831
-765
659
21
829
-297
-475
425
713
-39
-787
-909
869
971
-561
903
523
245
631
207
933
111
-417
969
819
-69
-659
281
23
215
-453
809
749
269
-939
-205
747
323
281
-471
983
-507
-315
-287
473
-85
69
111
-485
827
-133
-805
313
587
-355
151
-807
929
407
-959
531
-373
349
223
-281
301
-667
-625
901
311
-615
307
829
591
261
-451
-583
387
467
441
-375
-757
813
-77
-233
-217
41
-965
-521
519
659
-631
-319
951
861
143
727
-719
-371
549
755
497
-593
371
395
-705
831
-757
-675
-269
-219
-337
-347
691
-767
443
913
-535
543
-661
-209
429
637
-825
-523
-19
-981
-847
-149
327
-905
551
455
-725
-87
-629
-631
917
93
527
-647
891
-129
737
-739
425
321
-391
-607
-337
-285
613
125
111
779
913
977
37
677
209
103
945
-177
-225
-705
-923
35
129
695
-577
643
615
955
-871
-997
-97
-67
621
-743
-111
563
-555
719
-921
-403
163
-231
389
279
115
-969
35
993
-489
-273
-313
297
269
-199
923
53
895
-783
-777
-241
377
989
311
-31
-949
561
-207
673
-109
-811
863
159
393
-655
-105
-605
281
-745
915
-725
481
671
-53
549
-551
-833
277
-451
-879
555
-317
195
-275
603
-737
737
975
883
-755
773
-857
693
-939
-731
313
-21
-825
-497
-397
-719
923
-405
971
-663
363
-675
-303
-33
-431
-837
3
-601
543
277
-23
-159
313
437
-653
-429
103
909
-689
-381
-693
185
813
249
907
563
-157
145
-601
-641
225
-313
-7
-491
341
-163
-915
547
-687
183
-505
845
225
967
389
83
417
157
21
-103
83
-379
-295
159
415
-9
-835
165
869
697
445
593
909
223
-445
-827
919
593
321
-211
63
-187
-1
-905
-633
-607
-237
919
401
513
739
479
487
517
289
-689
33
971
-523
-29
883
-139
757
-213
123
-855
935
283
-523
-237
-441
-73
525
-719
-671
585
-657
-869
-601
-927
-383
341
355
-449
621
413
949
203
999
-845
-547
-995
635
-35
-555
873
79
-563
-799
331
357
-691
-765
283
645
-591
37
-699
-663
-215
-653
561
-789
703
-313
233
871
133
393
-49
-857
-815
747
-917
873
215
409
555
747
65
533
-493
-799
-349
-847
381
-973
-561
399
981
829
-781
899
-987
29
-35
-845
-431
315
723
-487
-691
-299
-587
-809
535
121
-679
425
-619
863
615
-707
7
553
-689
33
-749
-693
-831
-539
885
375
11
-667
47
-671
885
143
999
-401
231
487
-1
-43
397
-579
65
-53
-679
583
269
-547
-695
691
553
183
-301
-179
-525
163
-977
-373
81
747
719
351
-645
-845
417
-599
-289
927
-673
-611
-427
701
597
-195
579
-935
-431
-311
-83
705
-269
567
875
-605
611
429
-543
-943
393
9
-965
739
-239
-293
501
691
403
309
-517
-527
897
275
663
-199
893
-77
-779
-165
343
449
969
59
611
159
751
487
-375
47
-223
-933
31
755
305
-311
133
469
-949
-817
-1
567
-65
-373
219
-955
-137
635
-513
-619
-335
673
561
-333
-911
-965
-701
365
-831
543
749
-317
-877
111
-169
-137
135
357
843
-511
-163
27
-107
207
791
-379
-883
-989
-101
293
907
121
-333
397
711
849
737
315
-293
-467
61
-163
683
-191
603
813
95
-155
-321
393
-315
893
-783
-301
-505
105
-317
-725
-391
651
43
833
-581
-195
-107
-121
-465
31
-201
743
285
-277
169
993
-33
885
-735
-951
421
615
239
-643
789
-741
491
521
73
985
277
-987
-813
23
573
933
541
-699
531
193
301
579
767
-229
-139
-51
371
445
-913
715
621
-25
-353
-197
191
469
-845
-823
101
553
611
465
-479
-907
-999
-303
-379
411
-387
-447
737
-971
577
87
-39
195
-393
-857
569
981
727
-943
607
-153
693
-513
663
161
691
-257
567
-977
451
919
893
-781
-559
865
-5
-657
119
963
595
595
-105
165
-687
-349
255
-299
-745
-249
859
975
535
-781
33
871
583
-21
-683
683
123
727
-271
379
-413
-255
453
-625
-617
17
413
353
-275
397
915
745
-599
-803
-753
405
3
495
55
-725
955
-587
361
-339
-977
-29
963
689
423
205
185
661
593
-855
97
59
-719
-557
709
-71
861
711
-141
149
917
259
745
-25
-619
333
-597
831
917
565
-367
-717
-831
-693
-51
-755
469
205
-801
-299
-729
183
-141
87
547
-297
-63
441
503
331
-447
805
-627
-471
739
841
611
-733
657
305
-967
-97
-891
665
-585
-905
129
603
205
659
-23
313
-219
-29
121
-173
-129
931
811
-567
-543
85
343
95
-37
-911
417
-453
-757
537
-623
-731
-309
689
-883
-777
469
-67
781
-929
-519
-425
191
919
49
-999
-309
-717
703
619
-581
-629
-121
-103
-923
5
-575
-157
561
-87
139
-405
473
-889
689
-813
643
683
15
381
-907
559
-383
579
959
-357
377
-281
-409
-581
-643
-23
-179
-537
33
591
899
-113
953
399
-659
827
-201
669
-987
593
561
229
-73
-881
-5
-75
-765
-609
-723
-967
481
617
353
147
811
49
353
-337
-911
-905
-839
475
-73
551
735
-771
589
831
-385
213
-973
-923
-319
263
-579
749
-247
-175
-783
-7
991
27
-451
111
-581
735
521
-639
-327
119
375
-841
489
-663
191
331
859
537
-67
387
565
-943
625
-911
-819
-13
641
747
-267
-379
-695
833
923
-437
-91
-259
-451
-661
631
885
-531
-419
937
133
-817
549
-91
-567
309
129
805
159
293
715
-91
171
787
-789
-315
201
725
-289
-485
-63
-451
-793
679
107
-875
-25
-703
573
-681
705
-401
-987
-69
-245
-197
939
59
-977
607
397
705
-729
393
439
-455
83
-565
307
101
227
-181
529
621
601
-193
133
-837
-945
-979
-927
279
387
-549
-331
-931
427
-173
915
741
-711
633
-869
-647
319
-961
215
-523
-885
-565
59
-693
537
155
-385
153
845
319
989
921
95
525
391
379
843
-223
-393
-385
333
407
497
489
-91
-451
79
11
737
629
-125
903
207
529
-529
-113
187
457
-843
205
-313
907
261
729
925
-909
-561
413
-269
-977
-143
545
371
871
-923
547
-269
-683
545
-781
-771
535
365
661
-851
107
971
-71
-957
195
-367
719
-199
487
-883
-73
-697
-593
-885
199
107
-527
-777
285
683
-373
197
-785
661
337
379
609
-963
109
79
643
-693
697
73
-919
667
-595
-771
-229
-833
-209
261
851
-917
379
-187
37
293
-139
585
-965
-413
-853
357
-11
-345
-407
449
253
227
379
-985
-943
743
-241
-795
425
-353
-503
-305
695
649
-147
17
425
329
399
-207
859
849
257
717
779
597
367
541
141
983
667
-339
-1
-181
-995
-385
-863
-815
637
-273
-803
-31
-855
-61
305
-121
505
909
753
227
697
-13
-57
-517
-499
755
-605
131
-467
-141
543
855
-181
697
975
-465
-221
-875
-55
-9
-793
-649
177
-987
783
345
443
171
819
-497
-829
605
505
973
-927
97
865
-661
165
-487
265
273
937
857
561
-837
-143
459
-123
93
-265
-899
741
-823
-623
-9
-717
-863
249
-129
-983
625
-149
323
877
-617
-649
67
509
325
-675
-603
-819
989
183
-953
103
675
599
339
879
-427
581
-915
697
995
953
229
433
285
-663
819
801
-291
809
931
133
781
881
-195
123
677
-543
-991
407
601
-563
-749
-59
911
-805
367
-85
357
-309
-617
383
-937
919
471
211
-957
853
943
-531
-389
775
461
-631
-363
67
-243
-893
879
123
821
621
-515
-333
-45
247
-863
925
279
917
-165
655
-29
-63
-881
-407
571
549
-937
863
883
967
-325
15
-391
335
-187
-867
377
195
255
-237
-841
837
701
-19
443
797
423
-975
479
-851
199
-221
991
637
535
513
767
801
-543
-387
-599
-549
507
-629
-697
479
-935
33
-213
-651
-433
783
-315
-593
-819
311
213
-741
37
213
667
-307
25
291
-669
-143
873
275
-881
795
211
463
507
-891
479
-439
-479
-249
-961
603
-319
-259
839
379
427
93
613
577
201
-679
-871
-653
65
657
827
-791
599
-963
-195
-151
597
161
179
-705
807
405
337
-309
-39
-513
-993
-499
-805
-169
635
651
-699
-613
589
-893
-37
-729
683
159
493
-337
43
-213
791
-779
-735
389
-297
131
-945
281
269
-643
-715
823
459
-213
733
-909
607
323
-187
463
303
951
-351
-553
-745
683
-37
-319
-837
925
419
-553
577
887
249
-563
-881
-823
13
87
103
55
-915
35
-451
75
707
-127
949
-731
255
-221
419
411
543
-347
609
-973
791
75
131
-971
-411
867
-241
-79
-323
997
-769
-223
-451
181
825
-309
193
337
677
675
-753
-609
93
-313
425
483
-93
-639
-377
127
-669
909
-273
233
-17
765
-209
25
453
-835
455
-313
315
-415
677
723
-893
761
269
231
577
-865
175
321
-499
-729
261
71
185
-285
611
739
-333
-527
201
951
491
341
-31
-461
861
-923
889
-311
-909
621
721
933
-547
-785
-525
-361
-341
-521
-227
973
987
471
983
-109
-353
619
365
203
943
871
-285
-655
-615
-81
23
81
-37
39
3
-49
-15
-855
-173
-233
-743
-197
937
-907
-755
529
-245
121
661
-793
385
337
29
871
-493
-723
909
-371
-665
-441
897
-153
-577
-793
-341
-949
907
653
609
-941
-7
-903
733
-413
735
861
-985
329
827
-307
-505
-989
-413
-867
527
119
41
1
491
-219
-181
697
-797
-831
707
-203
433
869
-149
-11
-659
679
-681
879
-183
-749
-837
-333
-39
-393
871
-979
1
641
541
103
247
923
867
761
-93
-547
185
85
-547
175
947
-247
-849
-573
457
373
569
783
601
727
-919
989
-99
829
-931
-683
-669
691
-567
31
-155
745
-277
381
-629
-351
-23
749
-805
-69
757
-575
-465
-917
111
993
15
-551
185
363
135
-971
-201
-395
521
371
-721
-509
-171
-385
791
683
-251
619
-363
703
-299
-365
-441
-315
-285
-315
-729
5
789
765
-989
-801
-291
283
983
39
-117
71
-495
-103
-797
689
-539
-499
-35
575
-191
507
-181
-993
157
-909
-249
-593
-565
561
579
-115
7
305
-845
919
91
-779
-259
327
-239
371
-675
-385
-201
81
569
443
173
339
919
-981
-413
741
661
963
849
-147
-595
675
-161
221
-607
375
275
-753
693
-99
91
461
-955
837
-317
-293
-299
-3
669
-955
-599
-957
-257
465
-557
925
-315
935
-943
623
883
-221
-279
37
-9
879
649
-667
721
-395
-543
-553
-359
47
75
831
-765
659
21
829
-297
-475
425
713
-39
-787
-909
869
971
-561
903
523
245
631
207
933
111
-417
969
819
-69
-659
281
23
215
-453
809
749
269
-939
-205
747
323
281
-471
983
-507
-315
-287
473
-85
69
111
-485
827
-133
-805
313
587
-355
151
-807
929
407
-959
531
-373
349
223
-281
301
-667
-625
901
311
-615
307
829
591
261
-451
-583
387
467
441
-375
-757
813
-77
-233
-217
41
-965
-521
519
659
-631
-319
951
861
143
727
-719
-371
549
755
497
-593
371
395
-705
831
-757
-675
-269
-219
-337
-347
691
-767
443
913
-535
543
-661
-209
429
637
-825
-523
-19
-981
-847
-149
327
-905
551
455
-725
-87
-629
-631
917
93
527
-647
891
-129
737
-739
425
321
-391
-607
-337
-285
613
125
111
779
913
977
37
677
209
103
945
-177
-225
-705
-923
35
129
695
-577
643
615
955
-871
-997
-97
-67
621
-743
-111
563
-555
719
-921
-403
163
-231
389
279
115
-969
35
993
-489
-273
-313
297
269
-199
923
53
895
-783
-777
-241
377
989
311
-31
-949
561
-207
673
-109
-811
863
159
393
-655
-105
-605
281
-745
915
-725
481
671
-53
549
-551
-833
277
-451
-879
555
-317
195
-275
603
-737
737
975
883
-755
773
-857
693
-939
-731
313
-21
-825
-497
-397
-719
923
-405
971
-663
363
-675
-303
-33
-431
-837
3
-601
543
277
-23
-159
313
437
-653
-429
103
909
-689
-381
-693
185
813
249
907
563
-157
145
-601
-641
225
-313
-7
-491
341
-163
-915
547
-687
183
-505
845
225
967
389
83
417
157
21
-103
83
-379
-295
159
415
-9
-835
165
869
697
445
593
909
223
-445
-827
919
593
321
-211
63
-187
-1
-905
-633
-607
-237
919
401
513
739
479
487
517
289
-689
33
971
-523
-29
883
-139
757
-213
123
-855
935
283
-523
-237
-441
-73
525
-719
-671
585
-657
-869
-601
-927
-383
341
355
-449
621
413
949
203
999
-845
-547
-995
635
-35
-555
873
79
-563
-799
331
357
-691
-765
283
645
-591
37
-699
-663
-215
-653
561
-789
703
-313
233
871
133
393
-49
-857
-815
747
-917
873
215
409
555
747
65
533
-493
-799
-349
-847
381
-973
-561
399
981
829
-781
899
-987
29
-35
-845
-431
315
723
-487
-691
-299
-587
-809
535
121
-679
425
-619
863
615
-707
7
553
-689
33
-749
-693
-831
-539
885
375
11
-667
47
-671
885
143
999
-401
231
487
-1
-43
397
-579
65
-53
-679
583
269
-547
-695
691
553
183
-301
-179
-525
163
-977
-373
81
747
719
351
-645
-845
417
-599
-289
927
-673
-611
-427
701
597
-195
579
-935
-431
-311
-83
705
-269
567
875
-605
611
429
-543
-943
393
9
-965
739
-239
-293
501
691
403
309
-517
-527
897
275
663
-199
893
-77
-779
-165
343
449
969
59
611
159
751
487
-375
47
-223
-933
31
755
305
-311
133
469
-949
-817
-1
567
-65
-373
219
-955
-137
635
-513
-619
-335
673
561
-333
-911
-965
-701
365
-831
543
749
-317
-877
111
-169
-137
135
357
843
-511
-163
27
-107
207
791
-379
-883
-989
-101
293
907
121
-333
397
711
849
737
315
-293
-467
61
-163
683
-191
603
813
95
-155
-321
393
-315
893
-783
-301
-505
105
-317
-725
-391
651
43
833
-581
-195
-107
-121
-465
31
-201
743
285
-277
169
993
-33
885
-735
-951
421
615
239
-643
789
-741
491
521
73
985
277
-987
-813
23
573
933
541
-699
531
193
301
579
767
-229
-139
-51
371
445
-913
715
621
-25
-353
-197
191
469
-845
-823
101
553
611
465
-479
-907
-999
-303
-379
411
-387
-447
737
-971
577
87
-39
195
-393
-857
569
981
727
-943
607
-153
693
-513
663
161
691
-257
567
-977
451
919
893
-781
-559
865
-5
-657
119
963
595
595
-105
165
-687
-349
255
-299
-745
-249
859
975
535
-781
33
871
583
-21
-683
683
123
727
-271
379
-413
-255
453
-625
-617
17
413
353
-275
397
915
745
-599
-803
-753
405
3
495
55
-725
955
-587
361
-339
-977
-29
963
689
423
205
185
661
593
-855
97
59
-719
-557
709
-71
861
711
-141
149
917
259
745
-25
-619
333
-597
831
917
565
-367
-717
-831
-693
-51
-755
469
205
-801
-299
-729
183
-141
87
547
-297
-63
441
503
331
-447
805
-627
-471
739
841
611
-733
657
305
-967
-97
-891
665
-585
-905
129
603
205
659
-23
313
-219
-29
121
-173
-129
931
811
-567
-543
85
343
95
-37
-911
417
-453
-757
537
-623
-731
-309
689
-883
-777
469
-67
781
-929
-519
-425
191
919
49
-999
-309
-717
703
619
-581
-629
-121
-103
-923
5
-575
-157
561
-87
139
-405
473
-889
689
-813
643
683
15
381
-907
559
-383
579
959
-357
377
-281
-409
-581
-643
-23
-179
-537
33
591
899
-113
953
399
-659
827
-201
669
-987
593
561
229
-73
-881
-5
-75
-765
-609
-723
-967
481
617
353
147
811
49
353
-337
-911
-905
-839
475
-73
551
735
-771
589
831
-385
213
-973
-923
-319
263
-579
749
-247
-175
-783
-7
991
27
-451
111
-581
735
521
-639
-327
119
375
-841
489
-663
191
331
859
537
-67
387
565
-943
625
-911
-819
-13
641
747
-267
-379
-695
833
923
-437
-91
-259
-451
-661
631
885
-531
-419
937
133
-817
549
-91
-567
309
129
805
159
293
715
-91
171
787
-789
-315
201
725
-289
-485
-63
-451
-793
679
107
-875
-25
-703
573
-681
705
-401
-987
-69
-245
-197
939
59
-977
607
397
705
-729
393
439
-455
83
-565
307
101
227
-181
529
621
601
-193
133
-837
-945
-979
-927
279
387
-549
-331
-931
427
-173
915
741
-711
633
-869
-647
319
-961
215
-523
-885
-565
59
-693
537
155
-385
153
845
319
989
921
95
525
391
379
843
-223
-393
-385
333
407
497
489
-91
-451
79
11
737
629
-125
903
207
529
-529
-113
187
457
-843
205
-313
907
261
729
925
-909
-561
413
-269
-977
-143
545
371
871
-923
547
-269
-683
545
-781
-771
535
365
661
-851
107
971
-71
-957
195
-367
719
-199
487
-883
-73
-697
-593
-885
199
107
-527
-777
285
683
-373
197
-785
661
337
379
609
-963
109
79
643
-693
697
73
-919
667
-595
-771
-229
-833
-209
261
851
-917
379
-187
37
293
-139
585
-965
-413
-853
357
-11
-345
-407
449
253
227
379
-985
-943
743
-241
-795
425
-353
-503
-305
695
649
-147
17
425
329
399
-207
859
849
257
717
779
597
367
541
141
983
667
-339
-1
-181
-995
-385
-863
-815
637
-273
-803
-31
-855
-61
305
-121
505
909
753
227
697
-13
-57
-517
-499
755
-605
131
-467
-141
543
855
-181
697
975
-465
-221
-875
-55
-9
-793
-649
177
-987
783
345
443
171
819
-497
-829
605
505
973
-927
97
865
-661
165
-487
265
273
937
857
561
-837
-143
459
-123
93
-265
-899
741
-823
-623
-9
-717
-863
249
-129
-983
625
-149
323
877
-617
-649
67
509
325
-675
-603
-819
989
183
-953
103
675
599
339
879
-427
581
-915
697
995
953
229
433
285
-663
819
801
-291
809
931
133
781
881
-195
123
677
-543
-991
407
601
-563
-749
-59
911
-805
367
-85
357
-309
-617
383
-937
919
471
211
-957
853
943
-531
-389
775
461
-631
-363
67
-243
-893
879
123
821
621
-515
-333
-45
247
-863
925
279
917
-165
655
-29
-63
-881
-407
571
549
-937
863
883
967
-325
15
-391
335
-187
-867
377
195
255
-237
-841
837
701
-19
443
797
423
-975
479
-851
199
-221
991
637
535
513
767
801
-543
-387
-599
-549
507
-629
-697
479
-935
33
-213
-651
-433
783
-315
-593
-819
311
213
-741
37
213
667
-307
25
291
-669
-143
873
275
-881
795
211
463
507
-891
479
-439
-479
-249
-961
603
-319
-259
839
379
427
93
613
577
201
-679
-871
-653
65
657
827
-791
599
-963
-195
-151
597
161
179
-705
807
405
337
-309
-39
-513
-993
-499
-805
-169
635
651
-699
-613
589
-893
-37
-729
683
159
493
-337
43
-213
791
-779
-735
389
-297
131
-945
281
269
-643
-715
823
459
-213
733
-909
607
323
-187
463
303
951
-351
-553
-745
683
-37
-319
-837
925
419
-553
577
887
249
-563
-881
-823
13
87
103
55
-915
35
-451
75
707
-127
949
-731
255
-221
419
411
543
-347
609
-973
791
75
131
-971
-411
867
-241
-79
-323
997
-769
-223
-451
181
825
-309
193
337
677
675
-753
-609
93
-313
425
483
-93
-639
-377
127
-669
909
-273
233
-17
765
-209
25
453
-835
455
-313
315
-415
677
723
-893
761
269
231
577
-865
175
321
-499
-729
261
71
185
-285
611
739
-333
-527
201
951
491
341
-31
-461
861
-923
889
-311
-909
621
721
933
-547
-785
-525
-361
-341
-521
-227
973
987
471
983
-109
-353
619
365
203
943
871
-285
-655
-615
-121
813
509
705
-141
269
529
-567
-665
953
329
763
437
-333
517
-211
793
23
-879
531
-367
287
695
-59
-259
-341
299
-705
-489
-645
-471
-309
-381
75
-995
799
-359
799
647
-55
63
-777
-49
595
695
855
-529
955
-641
5
-595
-333
553
271
-773
751
-991
531
203
241
-287
-99
-917
379
-885
613
-495
831
579
899
-707
783
113
327
-301
335
-275
425
177
-615
-103
453
595
767
-543
-745
553
869
481
-185
-565
719
-11
-41
-497
229
903
-487
-973
-705
739
459
827
-349
-325
725
545
-139
991
-871
-343
763
-49
-391
369
-31
559
-305
805
-597
619
-213
-337
-979
307
-347
827
-931
-453
163
-977
995
977
151
247
289
-407
-889
-319
585
611
447
-329
-685
285
-917
987
87
-537
885
-729
643
111
-953
277
841
-337
-401
-855
493
-873
349
157
589
-483
423
-971
-455
-245
545
243
313
-443
-473
557
777
-79
167
417
-757
-485
-935
321
-697
409
795
-243
411
7
673
-293
881
-551
-971
-715
-593
333
-371
57
989
-377
323
839
-735
-799
-323
87
327
-791
749
1
-921
-333
757
-55
727
537
853
899
871
595
-629
907
-861
465
853
747
457
-815
-415
-307
533
-215
-43
491
697
103
-665
-791
173
873
109
61
795
531
589
-889
907
-931
281
139
-507
-295
-81
23
81
-37
39
3
-49
-15
-855
-173
-233
-743
-197
937
-907
-755
529
-245
121
661
-793
385
337
29
871
-493
-723
909
-371
-665
-441
897
-153
-577
-793
-341
-949
907
653
609
-941
-7
-903
733
-413
735
861
-985
329
827
-307
-505
-989
-413
-867
527
119
41
1
491
-219
-181
697
-797
-831
707
-203
433
869
-149
-11
-659
679
-681
879
-183
-749
-837
-333
-39
-393
871
-979
1
641
541
103
247
923
867
761
-93
-547
185
85
-547
175
947
-247
-849
-573
457
373
569
783
601
727
-919
989
-99
829
-931
-683
-669
691
-567
31
-155
745
-277
381
-629
-351
-23
749
-805
-69
757
-575
-465
-917
111
993
15
-551
185
363
135
-971
-201
-395
521
371
-721
-509
-171
-385
791
683
-251
619
-363
703
-299
-365
-441
-315
-285
-315
-729
5
789
765
-989
-801
-291
283
983
39
-117
71
-495
-103
-797
689
-539
-499
-35
575
-191
507
-181
-993
157
-909
-249
-593
-565
561
579
-115
7
305
-845
919
91
-779
-259
327
-239
371
-675
-385
-201
81
569
443
173
339
919
-981
-413
741
661
963
849
-147
-595
675
-161
221
-607
375
275
-753
693
-99
91
461
-955
837
-317
-293
-299
-3
669
-955
-599
-957
-257
465
-557
925
-315
935
-943
623
883
-221
-279
37
-9
879
649
-667
721
-395
-543
-553
-359
47
75
831
-765
659
21
829
-297
-475
425
713
-39
-787
-909
869
971
-561
903
523
245
631
207
933
111
-417
969
819
-69
-659
281
23
215
-453
809
749
269
-939
-205
747
323
281
-471
983
-507
-315
-287
473
-85
69
111
-485
827
-133
-805
313
587
-355
151
-807
929
407
-959
531
-373
349
223
-281
301
-667
-625
901
311
-615
307
829
591
261
-451
-583
387
467
441
-375
-757
813
-77
-233
-217
41
-965
-521
519
659
-631
-319
951
861
143
727
-719
-371
549
755
497
-593
371
395
-705
831
-757
-675
-269
-219
-337
-347
691
-767
443
913
-535
543
-661
-209
429
637
-825
-523
-19
-981
-847
-149
327
-905
551
455
-725
-87
-629
-631
917
93
527
-647
891
-129
737
-739
425
321
-391
-607
-337
-285
613
125
111
779
913
977
37
677
209
103
945
-177
-225
-705
-923
35
129
695
-577
643
615
955
-871
-997
-97
-67
621
-743
-111
563
-555
719
-921
-403
163
-231
389
279
115
-969
35
993
-489
-273
-313
297
269
-199
923
53
895
-783
-777
-241
377
989
311
-31
-949
561
-207
673
-109
-811
863
159
393
-655
-105
-605
281
-745
915
-725
481
671
-53
549
-551
-833
277
-451
-879
555
-317
195
-275
603
-737
737
975
883
-755
773
-857
693
-939
-731
313
-21
-825
-497
-397
-719
923
-405
971
-663
363
-675
-303
-33
-431
-837
3
-601
543
277
-23
-159
313
437
-653
-429
103
909
-689
-381
-693
185
813
249
907
563
-157
145
-601
-641
225
-313
-7
-491
341
-163
-915
547
-687
183
-505
845
225
967
389
83
417
157
21
-103
83
-379
-295
159
415
-9
-835
165
869
697
445
593
909
223
-445
-827
919
593
321
-211
63
-187
-1
-905
-633
-607
-237
919
401
513
739
479
487
517
289
-689
33
971
-523
-29
883
-139
757
-213
123
-855
935
283
-523
-237
-441
-73
525
-719
-671
585
-657
-869
-601
-927
-383
341
355
-449
621
413
949
203
999
-845
-547
-995
635
-35
-555
873
79
-563
-799
331
357
-691
-765
283
645
-591
37
-699
-663
-215
-653
561
-789
703
-313
233
871
133
393
-49
-857
-815
747
-917
873
215
409
555
747
65
533
-493
-799
-349
-847
381
-973
-561
399
981
829
-781
899
-987
29
-35
-845
-431
315
723
-487
-691
-299
-587
-809
535
121
-679
425
-619
863
615
-707
7
553
-689
33
-749
-693
-831
-539
885
375
11
-667
47
-671
885
143
999
-401
231
487
-1
-43
397
-579
65
-53
-679
583
269
-547
-695
691
553
183
-301
-179
-525
163
-977
-373
81
747
719
351
-645
-845
417
-599
-289
927
-673
-611
-427
701
597
-195
579
-935
-431
-311
-83
705
-269
567
875
-605
611
429
-543
-943
393
9
-965
739
-239
-293
501
691
403
309
-517
-527
897
275
663
-199
893
-77
-779
-165
343
449
969
59
611
159
751
487
-375
47
-223
-933
31
755
305
-311
133
469
-949
-817
-1
567
-65
-373
219
-955
-137
635
-513
-619
-335
673
561
-333
-911
-965
-701
365
-831
543
749
-317
-877
111
-169
-137
135
357
843
-511
-163
27
-107
207
791
-379
-883
-989
-101
293
907
121
-333
397
711
849
737
315
-293
-467
61
-163
683
-191
603
813
95
-155
-321
393
-315
893
-783
-301
-505
105
-317
-725
-391
651
43
833
-581
-195
-107
-121
-465
31
-201
743
285
-277
169
993
-33
885
-735
-951
421
615
239
-643
789
-741
491
521
73
985
277
-987
-813
23
573
933
541
-699
531
193
301
579
767
-229
-139
-51
371
445
-913
715
621
-25
-353
-197
191
469
-845
-823
101
553
611
465
-479
-907
-999
-303
-379
411
-387
-447
737
-971
577
87
-39
195
-393
-857
569
981
727
-943
607
-153
693
-513
663
161
691
-257
567
-977
451
919
893
-781
-559
865
-5
-657
119
963
595
595
-105
165
-687
-349
255
-299
-745
-249
859
975
535
-781
33
871
583
-21
-683
683
123
727
-271
379
-413
-255
453
-625
-617
17
413
353
-275
397
915
745
-599
-803
-753
405
3
495
55
-725
955
-587
361
-339
-977
-29
963
689
423
205
185
661
593
-855
97
59
-719
-557
709
-71
861
711
-141
149
917
259
745
-25
-619
333
-597
831
917
565
-367
-717
-831
-693
-51
-755
469
205
-801
-299
-729
183
-141
87
547
-297
-63
441
503
331
-447
805
-627
-471
739
841
611
-733
657
305
-967
-97
-891
665
-585
-905
129
603
205
659
-23
313
-219
-29
121
-173
-129
931
811
-567
-543
85
343
95
-37
-911
417
-453
-757
537
-623
-731
-309
689
-883
-777
469
-67
781
-929
-519
-425
191
919
49
-999
-309
-717
703
619
-581
-629
-121
-103
-923
5
-575
-157
561
-87
139
-405
473
-889
689
-813
643
683
15
381
-907
559
-383
579
959
-357
377
-281
-409
-581
-643
-23
-179
-537
33
591
899
-113
953
399
-659
827
-201
669
-987
593
561
229
-73
-881
-5
-75
-765
-609
-723
-967
481
617
353
147
811
49
353
-337
-911
-905
-839
475
-73
551
735
-771
589
831
-385
213
-973
-923
-319
263
-579
749
-247
-175
-783
-7
991
27
-451
111
-581
735
521
-639
-327
119
375
-841
489
-663
191
331
859
537
-67
387
565
-943
625
-911
-819
-13
641
747
-267
-379
-695
833
923
-437
-91
-259
-451
-661
631
885
-531
-419
937
133
-817
549
-91
-567
309
129
805
159
293
715
-91
171
787
-789
-315
201
725
-289
-485
-63
-451
-793
679
107
-875
-25
-703
573
-681
705
-401
-987
-69
-245
-197
939
59
-977
607
397
705
-729
393
439
-455
83
-565
307
101
227
-181
529
621
601
-193
133
-837
-945
-979
-927
279
387
-549
-331
-931
427
-173
915
741
-711
633
-869
-647
319
-961
215
-523
-885
-565
59
-693
537
155
-385
153
845
319
989
921
95
525
391
379
843
-223
-393
-385
333
407
497
489
-91
-451
79
11
737
629
-125
903
207
529
-529
-113
187
457
-843
205
-313
907
261
729
925
-909
-561
413
-269
-977
-143
545
371
871
-923
547
-269
-683
545
-781
-771
535
365
661
-851
107
971
-71
-957
195
-367
719
-199
487
-883
-73
-697
-593
-885
199
107
-527
-777
285
683
-373
197
-785
661
337
379
609
-963
109
79
643
-693
697
73
-919
667
-595
-771
-229
-833
-209
261
851
-917
379
-187
37
293
-139
585
-965
-413
-853
357
-11
-345
-407
449
253
227
379
-985
-943
743
-241
-795
425
-353
-503
-305
695
649
-147
17
425
329
399
-207
859
849
257
717
779
597
367
541
141
983
667
-339
-1
-181
-995
-385
-863
-815
637
-273
-803
-31
-855
-61
305
-121
505
909
753
227
697
-13
-57
-517
-499
755
-605
131
-467
-141
543
855
-181
697
975
-465
-221
-875
-55
-9
-793
-649
177
-987
783
345
443
171
819
-497
-829
605
505
973
-927
97
865
-661
165
-487
265
273
937
857
561
-837
-143
459
-123
93
-265
-899
741
-823
-623
-9
-717
-863
249
-129
-983
625
-149
323
877
-617
-649
67
509
325
-675
-603
-819
989
183
-953
103
675
599
339
879
-427
581
-915
697
995
953
229
433
285
-663
819
801
-291
809
931
133
781
881
-195
123
677
-543
-991
407
601
-563
-749
-59
911
-805
367
-85
357
-309
-617
383
-937
919
471
211
-957
853
943
-531
-389
775
461
-631
-363
67
-243
-893
879
123
821
621
-515
-333
-45
247
-863
925
279
917
-165
655
-29
-63
-881
-407
571
549
-937
863
883
967
-325
15
-391
335
-187
-867
377
195
255
-237
-841
837
701
-19
443
797
423
-975
479
-851
199
-221
991
637
535
513
767
801
-543
-387
-599
-549
507
-629
-697
479
-935
33
-213
-651
-433
783
-315
-593
-819
311
213
-741
37
213
667
-307
25
291
-669
-143
873
275
-881
795
211
463
507
-891
479
-439
-479
-249
-961
603
-319
-259
839
379
427
93
613
577
201
-679
-871
-653
65
657
827
-791
599
-963
-195
-151
597
161
179
-705
807
405
337
-309
-39
-513
-993
-499
-805
-169
635
651
-699
-613
589
-893
-37
-729
683
159
493
-337
43
-213
791
-779
-735
389
-297
131
-945
281
269
-643
-715
823
459
-213
733
-909
607
323
-187
463
303
951
-351
-553
-745
683
-37
-319
-837
925
419
-553
577
887
249
-563
-881
-823
13
87
103
55
-915
35
-451
75
707
-127
949
-731
255
-221
419
411
543
-347
609
-973
791
75
131
-971
-411
867
-241
-79
-323
997
-769
-223
-451
181
825
-309
193
337
677
675
-753
-609
93
-313
425
483
-93
-639
-377
127
-669
909
-273
233
-17
765
-209
25
453
-835
455
-313
315
-415
677
723
-893
761
269
231
577
-865
175
321
-499
-729
261
71
185
-285
611
739
-333
-527
201
951
491
341
-31
-461
861
-923
889
-311
-909
621
721
933
-547
-785
-525
-361
-341
-521
-227
973
987
471
983
-109
-353
619
365
203
943
871
-285
-655
-615
-121
813
509
705
-141
269
529
-567
-665
953
329
763
437
-333
517
-211
793
23
-879
531
-367
287
695
-59
-259
-341
299
-705
-489
-645
-471
-309
-381
75
-995
799
-359
799
647
-55
63
-777
-49
595
695
855
-529
955
-641
5
-595
-333
553
271
-773
751
-991
531
203
241
-287
-99
-917
379
-885
613
-495
831
579
899
-707
783
113
327
-301
335
-275
425
177
-615
-103
453
595
767
-543
-745
553
869
481
-185
-565
719
-11
-41
-497
229
903
-487
-973
-705
739
459
827
-349
-325
725
545
-139
991
-871
-343
763
-49
-391
369
-31
559
-305
805
-597
619
-213
-337
-979
307
-347
827
-931
-453
163
-977
995
977
151
247
289
-407
-889
-319
585
611
447
-329
-685
285
-917
987
87
-537
885
-729
643
111
-953
277
841
-337
-401
-855
493
-873
349
157
589
-483
423
-971
-455
-245
545
243
313
-443
-473
557
777
-79
167
417
-757
-485
-935
321
-697
409
795
-243
411
7
673
-293
881
-551
-971
-715
-593
333
-371
57
989
-377
323
839
-735
-799
-323
87
327
-791
749
1
-921
-333
757
-55
727
537
853
899
871
595
-629
907
-861
465
853
747
457
-815
-415
-307
533
-215
-43
491
697
103
-665
-791
173
873
109
61
795
531
589
-889
907
-931
281
139
-507
-295
