-608
-878
-644
324
-412
-708
-292
-258
620
-494
-474
-144
-982
-626
-252
798
106
-572
724
120
-684
906
-404
48
258
428
650
-384
-472
-178
86
-320
-530
264
-536
-332
40
20
-474
126
-470
-850
-452
16
-954
-408
-590
-882
262
-56
466
224
-902
954
-74
724
-770
-982
-950
-774
-638
-110
-226
-524
-874
-818
-828
840
576
478
-66
956
704
-272
384
992
-864
-234
-828
-814
-802
-828
-80
-950
-902
800
690
832
706
-122
-868
-186
958
186
-544
-882
-756
874
-382
-244
504
748
-150
10
132
-614
-944
-880
-1000
-430
-278
252
332
-212
206
662
86
978
-702
450
804
714
-374
42
-950
660
214
-648
-862
-72
874
604
-128
-574
308
-642
938
-116
744
574
-512
434
-726
-62
652
-836
-420
130
-146
-960
682
-130
528
-394
-510
698
-270
968
80
-418
300
612
-400
-568
-154
410
468
678
-726
-300
944
632
34
562
-462
170
-724
752
-692
40
826
-728
-376
-256
446
554
312
-410
800
618
-818
450
-472
910
-934
-212
808
-522
494
42
684
534
-474
-342
-166
-632
876
-90
-190
-246
-282
-920
962
-322
418
96
-992
-814
334
278
44
486
-596
-532
-830
598
318
-350
762
890
-866
650
-482
992
