43
-965
-75
-961
665
445
819
959
11
133
-313
25
625
513
-673
-469
371
-949
541
871
-711
-841
-181
-137
645
-85
-103
535
-297
249
-587
-223
-823
-971
-979
681
-605
-555
-141
911
-507
-761
263
-789
-969
-95
443
931
-35
39
355
-785
511
439
-649
343
21
201
949
-613
-277
227
-265
-305
-295
-645
665
789
-795
359
361
833
805
373
-537
-841
-125
959
705
99
219
893
111
-235
127
-699
-565
75
203
645
11
-261
-623
909
449
-691
67
65
469
-687
793
-547
-539
-553
-927
567
651
-929
-837
515
535
-209
-475
825
-879
485
181
81
565
285
-397
-771
-961
-909
431
-447
753
149
69
-195
35
-437
-887
133
581
-187
489
531
623
723
-661
433
593
199
339
-845
451
989
829
-153
-33
979
-867
845
-57
503
-515
973
-435
225
-507
-857
-149
481
-443
949
693
-709
-619
533
-989
-833
-763
-439
-89
537
-369
-375
-655
-187
719
-25
-607
537
973
161
-991
457
-295
95
-951
937
-943
-645
-197
-725
697
-613
-333
429
-683
437
-597
-689
803
849
-991
699
47
73
-585
-983
203
373
1
695
-507
247
-975
-925
-799
753
385
297
693
441
-221
515
-329
-423
-719
207
53
-127
923
-721
873
-137
567
-495
327
-727
-77
-787
55
233
877
-53
131
827
853
75
733
-799
893
695
523
99
-693
-233
631
-295
875
-81
-15
-65
