758
414
198
924
-756
946
414
972
162
-952
-26
-40
528
672
762
334
594
474
344
346
886
-872
-330
746
174
-642
580
24
158
-414
-880
-978
-126
58
148
-474
-888
-38
-946
-134
270
580
-996
438
924
228
594
718
-798
156
498
826
264
-538
444
816
-262
-208
-838
-724
320
136
146
162
614
666
42
652
-186
500
-680
940
820
-228
614
-134
760
-512
26
94
746
-336
-778
166
-622
760
-560
-756
606
-330
-524
-992
-12
-38
-564
520
30
-746
260
278
-906
206
-496
-876
60
788
-508
-404
-24
582
818
-566
-426
-502
312
276
4
750
-702
878
898
-918
-268
-424
-300
404
-460
-932
28
-182
-168
290
-942
-692
-24
674
-50
378
-346
-548
-524
738
-292
-704
-698
152
396
8
160
118
784
-380
734
264
580
64
-122
200
-952
216
-496
938
-876
-220
-420
-868
258
50
686
-994
-152
64
544
186
240
874
-774
608
-112
378
-682
672
984
532
298
610
258
-828
706
-774
-456
120
-368
-590
-632
608
634
-250
412
-480
-288
-984
410
-804
318
430
114
-552
-802
460
492
-462
-466
894
-470
202
-308
-680
-912
314
708
666
-396
414
-286
776
282
-278
122
-180
568
534
-78
340
182
804
742
328
832
-354
-596
-988
992
24
-796
-944
680
-582
556
248
876
72
-848
12
408
-860
-748