758 
414 
127 
198 
989 
924 
895 
-756 
439 
-945 
946 
969 
414 
-293 
237 
972 
-587 
153 
162 
-952 
-26 
-40 
528 
672 
762 
334 
-673 
594 
474 
-795 
65 
344 
-217 
515 
-533 
-501 
346 
903 
886 
-872 
-330 
-33 
-495 
746 
174 
-642 
580 
-137 
24 
158 
-414 
-880 
823 
-249 
-145 
-978 
-179 
-126 
58 
148 
-474 
51 
-888 
-38 
689 
-946 
-134 
270 
-415 
721 
-603 
255 
580 
-555 
699 
-996 
438 
924 
891 
228 
594 
703 
-479 
718 
-869 
-798 
156 
498 
826 
-419 
541 
264 
-538 
89 
887 
444 
-937 
-741 
816 
-262 
99 
991 
773 
-601 
-208 
-838 
903 
-724 
245 
31 
367 
-137 
320 
-713 
136 
-275 
875 
146 
162 
-311 
614 
-489 
-147 
249 
666 
42 
-731 
221 
652 
-186 
531 
-899 
123 
-713 
-497 
-311 
500 
-61 
979 
-680 
940 
820 
-228 
614 
-134 
760 
-512 
475 
26 
-777 
94 
746 
-779 
-336 
-393 
-778 
166 
-622 
760 
-560 
-756 
-709 
785 
606 
-889 
509 
-330 
455 
-524 
-943 
3 
-992 
-12 
471 
-38 
-597 
-564 
520 
-643 
-877 
505 
381 
611 
161 
-171 
30 
9 
-746 
260 
483 
278 
435 
-906 
206 
-496 
-669 
165 
-869 
927 
-51 
-753 
-876 
60 
788 
-508 
881 
-404 
-445 
623 
-24 
582 
818 
397 
-566 
-426 
-502 
-425 
312 
276 
-777 
4 
769 
750 
-702 
878 
-473 
-73 
898 
-918 
-268 
231 
-531 
655 
77 
-424 
-300 
404 
-460 
573 
487 
869 
-932 
-451 
28 
-182 
-47 
-168 
-773 
290 
-113 
-942 
-692 
-87 
-24 
-79 
674 
161 
-50 
-497 
-345 
378 
-346 
-548 
567 
-524 
738 
-292 
-704 
575 
-25 
-698 
789 
377 
152 
396 
8 
160 
118 
393 
-625 
965 
-765 
784 
633 
429 
-380 
734 
321 
955 
927 
264 
-83 
580 
799 
64 
-122 
97 
200 
-949 
11 
269 
-585 
-952 
139 
-153 
933 
829 
-787 
533 
216 
-496 
-253 
-515 
938 
-876 
-220 
-420 
-373 
-405 
-868 
258 
-189 
50 
771 
-837 
686 
-521 
825 
-994 
-152 
64 
544 
186 
240 
767 
-955 
874 
-774 
-589 
608 
-857 
891 
215 
741 
-112 
357 
378 
-199 
873 
-881 
-682 
672 
984 
532 
298 
610 
763 
-235 
258 
-828 
706 
-774 
35 
591 
285 
-456 
120 
-368 
-590 
977 
-632 
-963 
787 
43 
311 
608 
634 
-787 
-250 
-819 
591 
-941 
412 
-480 
-557 
-288 
481 
-303 
-984 
410 
69 
-793 
-804 
318 
-883 
119 
430 
-415 
114 
-185 
-552 
-347 
-802 
-39 
-781 
460 
492 
-462 
-466 
871 
894 
-470 
202 
377 
-308 
39 
-99 
321 
-680 
-912 
817 
407 
-601 
229 
323 
331 
-457 
239 
83 
-761 
-99 
314 
641 
708 
231 
666 
581 
111 
-396 
414 
-87 
-839 
785 
583 
413 
-286 
363 
367 
983 
776 
431 
282 
-278 
122 
-180 
568 
-503 
447 
593 
-495 
253 
-975 
534 
811 
-78 
939 
340 
182 
804 
742 
328 
832 
-354 
-191 
-596 
-988 
992 
24 
-796 
-944 
63 
680 
-582 
549 
-205 
829 
-25 
556 
248 
876 
72 
11 
-848 
-675 
12 
-609 
408 
-860 
-291 
-748 
