127
989
895
439
-945
969
-293
237
-587
153
-673
-795
65
-217
515
-533
-501
903
-33
-495
-137
823
-249
-145
-179
51
689
-415
721
-603
255
-555
699
891
703
-479
-869
-419
541
89
887
-937
-741
99
991
773
-601
903
245
31
367
-137
-713
-275
875
-311
-489
-147
249
-731
221
531
-899
123
-713
-497
-311
-61
979
475
-777
-779
-393
-709
785
-889
509
455
-943
3
471
-597
-643
-877
505
381
611
161
-171
9
483
435
-669
165
-869
927
-51
-753
881
-445
623
397
-425
-777
769
-473
-73
231
-531
655
77
573
487
869
-451
-47
-773
-113
-87
-79
161
-497
-345
567
575
-25
789
377
393
-625
965
-765
633
429
321
955
927
-83
799
97
-949
11
269
-585
139
-153
933
829
-787
533
-253
-515
-373
-405
-189
771
-837
-521
825
767
-955
-589
-857
891
215
741
357
-199
873
-881
763
-235
35
591
285
977
-963
787
43
311
-787
-819
591
-941
-557
481
-303
69
-793
-883
119
-415
-185
-347
-39
-781
871
377
39
-99
321
817
407
-601
229
323
331
-457
239
83
-761
-99
641
231
581
111
-87
-839
785
583
413
363
367
983
431
-503
447
593
-495
253
-975
811
939
-191
63
549
-205
829
-25
11
-675
-609
-291