480
-898
-872
916
992
-434
-782
658
-970
544
238
-530
-772
-200
-834
44
878
-520
-952
-222
458
754
184
-272
512
210
258
710
312
858
-2
-398
-770
76
290
-186
-196
-330
254
518
-168
-682
196
22
788
16
142
104
692
618
-86
-208
-956
208
518
-376
-784
640
176
-942
-140
-202
-304
706
252
532
-114
46
-128
-474
866
-460
-88
108
-160
-734
-100
436
330
196
-932
-774
264
-840
-534
-366
86
596
-248
-442
-364
148
918
128
240
-790
-434
-620
728
374
332
-28
632
-34
-176
-250
926
440
4
-684
816
-252
412
-318
874
970
0
-748
-584
70
552
-592
948
-286
94
-714
-434
640
-144
-542
-876
-36
876
-194
-928
-678
202
-808
160
680
494
-828
-88
-978
970
-646
690
110
-896
962
-420
164
332
536
-234
840
-630
934
-278
-442
248
752
-22
-286
72
-560
-398
620
900
586
-434
952
-42
436
624
-364
-654
36
-634
-824
940
-536
778
-880
114
414
-582
396
248
660
-124
88
-390
-852
904
-304
482
604
-568
-634
308
-892
970
-876
80
672
388
-80
-834
840
636
-914
-660
708
302
428
650
-250
-536
-842
-434
832
-298
-840
-912
-622
676
280
-272
-828
-404
502
-994
-908
-820
-874
806
-30
-886
952
-860
-978
634
-264
624
-434
790
128
-714
334
-702
-410
