363
480
-273
-425
-659
549
-65
-898
-83
-872
916
992
-434
-782
658
-970
-383
-71
544
325
238
355
-530
-775
349
-772
-200
-933
-481
463
-834
-987
44
878
745
-897
-520
-763
479
-903
-952
383
-222
767
458
754
184
-272
-887
512
210
-405
-217
-19
258
353
-559
710
69
-373
312
505
858
109
-2
313
107
-398
811
-770
76
290
-186
-196
751
-330
254
518
537
-168
61
567
-682
-369
196
22
-439
467
788
16
843
142
104
459
692
618
-86
-208
-956
208
518
813
-753
-376
-784
640
459
-789
176
-942
995
785
-197
701
-301
-140
-202
-304
706
-823
-619
-101
252
31
532
-114
517
46
-499
-128
-474
866
-460
-459
749
-775
-88
-763
-707
-183
603
108
-160
-734
-100
436
-201
330
-733
196
-932
-121
-774
264
-840
-534
-366
-667
86
-837
596
803
-739
-867
-248
-607
-987
-465
-442
-364
148
918
128
240
739
-790
429
875
371
-434
-469
-741
-620
-557
728
543
374
332
171
-867
823
-28
-829
449
-609
491
-335
632
-34
761
-205
-209
-176
-250
926
440
-341
4
-119
-684
817
983
816
-252
647
412
-318
319
874
-609
431
505
970
0
891
-748
-584
-615
569
70
585
552
989
933
91
-592
948
-286
-1
94
-973
-714
-434
640
-144
-542
807
-876
-36
-983
-331
876
-194
-928
-678
202
553
-808
160
680
-787
494
393
893
147
-351
-828
733
863
-283
-883
-88
-978
970
239
903
-646
690
110
341
-896
962
-420
164
-491
699
332
536
879
-234
840
-625
-630
934
707
545
-278
-442
248
752
727
-131
-22
-249
-286
-287
72
-560
-398
620
900
479
-629
586
403
-434
952
-42
-433
-441
501
436
624
-364
-971
537
-654
36
-634
-963
-743
-349
509
-513
195
-824
-239
940
-553
-101
-536
778
-117
9
633
-981
-880
961
-961
23
114
177
414
977
-582
-353
-179
396
248
660
-124
88
-515
-369
563
409
-41
-390
-852
904
-304
811
-243
-701
371
895
482
-261
604
-568
-634
308
-892
57
970
947
-876
205
80
767
-825
672
799
388
-80
-834
840
-927
273
-643
636
-145
439
-489
-914
-807
-95
983
595
-660
708
-237
302
428
-583
205
650
-250
-536
-842
343
-434
121
832
-19
-883
-298
-840
61
-912
-622
676
280
-272
993
-828
81
-404
502
-789
369
-835
-381
-745
103
-994
129
-908
-820
-874
-165
905
271
-859
37
271
-327
-661
806
499
-825
-951
-267
-41
209
663
639
-30
543
597
-373
-886
321
952
925
735
-860
-978
-29
-391
634
699
-264
624
-434
790
-201
128
-313
567
-89
-714
334
-505
509
-702
-410
287
-379
909
