363
-273
-425
-659
549
-65
-83
-383
-71
325
355
-775
349
-933
-481
463
-987
745
-897
-763
479
-903
383
767
-887
-405
-217
-19
353
-559
69
-373
505
109
313
107
811
751
537
61
567
-369
-439
467
843
459
813
-753
459
-789
995
785
-197
701
-301
-823
-619
-101
31
517
-499
-459
749
-775
-763
-707
-183
603
-201
-733
-121
-667
-837
803
-739
-867
-607
-987
-465
739
429
875
371
-469
-741
-557
543
171
-867
823
-829
449
-609
491
-335
761
-205
-209
-341
-119
817
983
647
319
-609
431
505
891
-615
569
585
989
933
91
-1
-973
807
-983
-331
553
-787
393
893
147
-351
733
863
-283
-883
239
903
341
-491
699
879
-625
707
545
727
-131
-249
-287
479
-629
403
-433
-441
501
-971
537
-963
-743
-349
509
-513
195
-239
-553
-101
-117
9
633
-981
961
-961
23
177
977
-353
-179
-515
-369
563
409
-41
811
-243
-701
371
895
-261
57
947
205
767
-825
799
-927
273
-643
-145
439
-489
-807
-95
983
595
-237
-583
205
343
121
-19
-883
61
993
81
-789
369
-835
-381
-745
103
129
-165
905
271
-859
37
271
-327
-661
499
-825
-951
-267
-41
209
663
639
543
597
-373
321
925
735
-29
-391
699
-201
-313
567
-89
-505
509
287
-379
909
