-203
641
-587
391
-355
743
917
-341
-879
829
289
-423
765
541
-661
-339
-957
-697
-419
-251
279
-667
59
865
-1
673
-247
517
-953
-881
647
-327
-725
-377
235
-63
-855
-13
-921
-755
957
-635
-791
521
-331
-889
-615
829
467
293
589
777
-987
103
-685
197
495
-593
-931
-425
617
213
-289
657
-989
-567
213
-959
81
-107
-159
703
529
51
613
933
363
-195
-419
657
429
101
669
-763
69
987
-879
-589
431
-479
205
-225
-67
719
-959
-277
-105
-219
-897
809
595
-971
-239
-517
-735
707
967
-31
-941
499
649
549
933
-265
-269
-377
-983
-529
961
-933
-573
-489
-739
133
-793
-275
17
113
-177
217
279
-579
-53
-481
-861
-789
-505
-95
285
-901
187
-305
745
-203
763
497
-389
781
-637
557
159
495
-955
-361
399
73
-19
317
371
-709
537
735
777
275
-447
-7
831
95
709
-77
-863
993
-97
657
-929
-891
-409
421
145
-945
955
165
319
-609
-55
835
881
-41
241
-781
-219
983
261
857
-969
-197
941
-875
-787
-99
405
981
-779
-969
845
-291
-897
-805
-553
595
-77
89
-491
917
-85
-453
131
465
-357
267
931
695
895
-833
17
-553
63
653
-183
-71
669
-211
187
927
-395
