-48
454
-730
188
798
556
-96
-290
-254
724
-58
-218
8
358
950
-976
-200
-968
-580
-246
-186
-882
-90
1000
-614
-166
-836
318
106
-40
852
156
-990
86
-416
-422
730
-446
-322
-678
756
-604
-222
-952
332
-754
-988
980
-72
-398
-446
46
322
452
-760
-746
-144
-20
-154
-806
700
190
984
598
-702
508
-944
562
592
392
-380
822
-868
710
226
-418
312
420
78
796
-692
652
-566
-392
312
162
-528
-196
-706
846
-290
-616
672
186
626
-884
384
-26
-566
534
604
804
-20
284
-58
582
36
40
438
278
-586
-24
924
-944
638
434
-296
-490
-712
392
-226
686
622
62
-764
-542
104
-168
-540
772
294
132
256
-84
106
-734
-48
640
848
408
398
630
286
-894
-900
-876
594
724
-490
302
-396
938
-536
2
816
-158
-330
894
-862
-650
596
952
670
-346
-592
-456
-72
22
-434
652
776
-942
-110
-480
-172
-292
514
-760
-296
294
-182
948
-690
364
-982
332
240
314
196
264
886
386
588
-360
882
-10
-168
754
-90
860
-596
-412
888
-454
-298
-534
-520
910
-116
-850
804
-328
-700
854
-976
490
-892
-344
-602
-848
-940
-94
-278
472
-548
-664
326
-574
-126
556
-490
-420
-164
130
-826
-26
-30
804
-724
-812
952
202
-356
144
