251
467
-607
-959
-391
105
263
645
-321
-55
-747
129
-9
-533
-47
-649
9
-641
643
939
-305
-407
267
-647
537
-57
869
119
701
893
389
-591
457
-211
337
881
-739
347
-937
959
863
569
743
-5
411
-521
347
-63
-911
-823
-933
577
-81
327
-269
-697
-795
515
-505
651
-941
-681
895
-193
511
-821
-947
-437
71
695
-445
669
-741
137
423
-395
373
-853
-999
-611
-105
757
-959
789
361
103
-985
945
507
549
515
-425
-99
-397
843
-417
-39
753
85
403
267
249
-797
-523
-703
691
-879
-363
-181
973
913
567
265
-885
937
-765
461
821
-95
757
679
-973
699
551
83
-875
-153
-899
-933
589
-143
-159
155
809
41
151
-5
375
239
-319
587
-819
433
-201
301
-121
481
-615
-77
363
367
483
779
-135
-613
121
321
-55
-63
-831
-539
-33
-785
-739
355
437
-163
-345
507
279
289
503
-545
637
607
219
-203
-285
-691
-161
985
623
-919
393
-281
423
-885
-157
-197
-395
939
-671
969
-881
-247
-675
-603
-203
647
713
-935
993
-99
461
-351
927
-481
-91
557
-235
451
-941
-195
-241
-155
79
967
845
-125
317
-905
589
369
485
-729
213
-763
279
-903
469
-667
-685
191
605
961
465
-379
-129
-197
-591
-399
-809
389
363
-695
-431
-247
865
-463
-933
-469
931
-293
-627
-465
-139
