-884
-892
-550
-214
344
-672
394
396
696
414
-674
-718
956
-124
-532
986
866
116
-948
-500
528
-788
292
306
256
-854
-18
-648
202
104
-762
-158
-346
-344
866
-370
-190
804
-686
-670
100
920
512
-840
-338
-678
552
958
-224
364
-518
348
294
-390
-434
-984
-154
-868
-606
934
550
-846
644
934
-150
692
684
84
-772
-866
-802
570
930
-248
-28
-486
552
422
-756
-50
-470
-340
88
-318
-212
-740
-464
-602
804
722
-324
198
144
-288
-268
-926
16
108
-642
554
678
-942
490
666
304
-362
-226
638
-60
58
108
410
-920
442
548
72
-112
76
160
808
702
906
378
-1000
918
-968
746
-644
-550
-354
-942
-42
-846
778
-300
-164
576
-618
192
252
-598
-82
-522
-806
-410
80
-808
-158
676
118
-698
474
-416
-16
-102
326
336
-340
788
56
104
944
-156
-916
610
442
252
968
-100
276
-546
-906
-612
946
370
-532
742
838
-76
644
-38
-848
-986
-628
-586
-944
126
616
-808
574
-228
154
-348
-912
886
698
-704
-562
784
-320
680
978
-10
-338
-266
-394
-672
334
730
436
534
510
-54
186
-370
518
460
-562
788
-22
-824
182
-302
344
-456
728
688
942
-628
-342
-376
-570
730
342
512
-736
-846
-14
154
-312
-38
-470
-640
-118
70
466
370
-542
-8
-770
712
-764
-458
902
-882
-402
-36
648
320
-20
