79
923
110
-37
-537
-666
83
-672
928
-248
424
-69
546
-508
-502
453
-330
-667
743
343
281
615
-84
-280
830
851
-868
928
-542
614
-643
-568
267
-83
765
33
426
718
610
-691
736
422
-738
205
589
-53
17
-792
-381
-163
649
245
-743
926
-204
358
-516
10
982
257
-273
-43
-106
476
131
-944
-14
99
-271
-616
963
153
644
411
700
409
293
-41
172
-456
686
-15
835
-166
-81
-177
144
445
-81
-621
377
-747
714
836
-156
821
-87
-918
-398
-617
-288
86
-372
-760
-192
-996
-107
-13
-595
606
-81
632
298
886
-183
-39
303
-753
790
961
-899
32
393
-399
200
423
-596
-247
-365
-498
112
-353
730
-659
543
-641
-120
748
509
-881
153
66
93
221
602
-385
64
-265
-195
290
264
-409
824
-264
-678
-711
956
434
562
586
532
225
-207
-608
452
-15
593
-656
-928
687
-103
-384
414
-888
-565
169
916
-48
859
360
-293
-180
-293
977
-362
-900
497
320
-709
-936
490
398
799
-490
-57
973
721
-762
-395
641
796
490
-276
970
-912
-508
-419
129
459
718
-386
927
-976
561
882
165
729
-910
-911
843
-823
-305
-297
345
538
434
552
235
-651
-497
209
-860
-207
-336
-198
-269
322
-725
-281
842
-446
-4
-882
1
862
-940
-669
934
919
46
286
-242
25
266
-498
-435
72
-904
-953
-802
-763
-862
663
-945
-335
-442
903
140
57
-97
-435
-665
399
15
525
-495
-119
-165
-240
264
-270
291
-19
-500
47
-820
-61
-337
749
860
-183
905
-43
657
156
309
-335
-33
-296
-244
-696
100
-574
-852
773
970
-766
164
278
-840
-962
-193
-192
613
593
-822
-384
362
602
196
-404
-13
-831
-447
-40
-494
356
-389
-875
767
-336
805
-604
896
459
941
968
-847
-338
-274
377
-847
832
-865
820
-263
350
716
911
-343
38
-209
-245
240
707
794
-173
-89
131
-493
-991
-197
739
860
80
-858
716
-114
-580
617
455
-685
821
88
332
-467
-702
258
760
533
513
859
-115
35
-659
-57
-445
951
-791
-346
-404
659
889
855
-859
-27
529
-310
-727
-908
500
197
944
454
894
-46
372
379
-627
-428
484
-486
986
725
-607
182
-250
253
69
893
927
-671
-796
-851
450
-491
-533
-173
842
-657
-203
-782
422
-870
-915
-596
793
595
-595
-977
-901
324
693
-897
-243
331
-393
140
26
-362
142
-832
873
173
-785
311
-178
763
56
-421
816
187
-394
-581
-811
-85
-510
-552
506
495
299
892
-97
-267
-353
871
879
-479
-654
-297
-739
-779
-286
-93
729
270
-15
-652
338
-531
817
81
150
-496
510
965
69
-819
-380
-433
