933
955
-705
-497
685
209
-273
633
-251
-1
-397
-23
593
347
-867
151
-59
-997
889
-995
-565
-223
935
-379
169
-399
-467
699
673
-685
945
845
101
45
339
-373
369
617
-831
683
-373
365
-921
319
269
13
101
667
245
587
593
225
-439
-803
-347
253
29
3
-307
757
-805
-787
-189
-117
-403
789
667
-307
725
-311
-3
91
717
17
-985
177
711
465
647
-5
-821
897
85
479
-767
-455
19
-821
215
787
-755
805
-547
241
-91
957
-763
369
-147
399
849
-665
591
547
-423
283
-461
373
-285
-71
-985
631
-45
319
-975
901
-333
-347
207
-917
-15
-265
-343
653
-967
537
-891
665
-213
9
207
-883
-917
253
-347
365
423
323
217
649
-503
-443
359
-333
-871
-945
887
199
-133
403
997
495
165
-245
161
915
-507
-853
-287
-3
-483
-741
139
-577
341
761
467
979
121
-23
-399
-329
967
401
445
811
843
161
721
-903
873
-475
-165
-607
503
971
623
-883
237
647
-673
-905
-243
-973
621
-441
257
285
291
787
-635
-741
129
-427
581
47
461
-367
-425
321
369
-21
465
327
369
-899
-937
-97
421
-7
-401
-935
99
641
-337
255
697
453
329
-799
-697
207
-291
75
115
-809
263
-57
837
109
