-272
-508
764
128
-220
428
420
858
-958
656
-512
142
624
156
242
102
-48
876
270
764
-834
674
622
486
-996
224
-760
-218
-76
766
424
-350
570
176
680
-696
-478
742
348
488
-410
34
310
26
422
624
8
234
946
-464
-750
-780
-766
502
-974
-900
486
-910
570
-230
690
-746
598
-374
-142
-628
-862
-898
116
534
754
-718
472
-534
-686
704
162
-542
472
386
678
-24
678
-576
616
-798
660
988
-274
-286
-752
190
242
-24
136
960
-520
380
-482
-628
552
-702
954
-486
-610
-266
964
-530
752
-850
720
516
464
-158
-242
126
756
-272
238
-382
-444
864
612
20
246
-786
640
-718
328
708
-786
-24
-560
-342
976
190
272
-566
-96
-622
-778
692
478
128
178
-788
528
284
-600
-700
-602
320
-170
842
54
912
-218
130
-140
938
466
-854
-812
200
-480
-794
-128
-316
-474
876
146
-520
-628
-702
820
-284
90
-862
826
564
470
830
98
-172
880
448
-962
168
-352
-972
914
-592
-736
-452
-318
-656
626
-60
936
148
-376
-212
-18
374
378
642
-596
262
-202
430
820
-694
-426
-844
-1000
-420
306
-804
282
-88
-160
-610
722
730
738
-460
372
-854
72
100
