291
-459
-495
247
329
697
-535
603
603
-967
-245
667
745
-643
-93
721
605
143
335
499
249
-681
247
-657
-597
511
-787
-385
21
691
-573
465
459
595
-795
-325
105
227
847
-997
-105
951
559
-341
-651
23
853
-603
839
-559
-915
-55
-797
683
-803
-975
-83
609
151
791
-853
-377
-161
-951
729
967
-945
-553
993
549
-869
339
-107
-705
-503
553
247
667
155
-71
85
-839
863
-599
-425
-457
643
-99
523
577
-313
831
405
685
927
-469
765
721
49
861
-521
281
841
-25
-279
563
-715
-107
-517
917
-759
-717
-311
-249
-415
611
-573
-765
831
-905
-879
961
-381
377
127
-319
-461
-885
-419
-689
-217
511
535
229
-795
-315
-879
59
601
647
-929
243
-221
-363
293
7
-937
-869
-271
741
583
323
-523
129
-203
-753
-795
933
-137
-599
-631
-571
-225
907
-251
-965
533
-517
335
-877
-147
521
-139
-113
-281
433
-359
-583
-569
45
-989
-631
707
335
201
-31
-573
-307
-743
-397
427
733
-321
-29
159
-189
-817
495
201
-451
-433
227
-451
589
-427
275
439
-761
-281
-389
89
409
-303
-995
81
-645
-175
-927
21
-937
-211
679
893
-265
-121
259
325
597
-831
217
653
647
-425
707
-51
-373
979
143
-255
227
-627
939
-531
643
-397
-963
753
183
979
-631
-811
407
-195
555
-407
-115
-443
691
899
-445
113
-375
-319
-885
-655
105
-545
671
367
-263
