-750
-6
894
-742
-4
-62
-680
754
-876
-834
-86
2
-772
18
-346
162
762
-900
-746
116
18
-902
-182
748
-622
-398
326
988
-302
-586
-954
194
584
990
72
224
662
-146
632
-14
288
28
806
854
-342
-68
-226
-404
-982
-114
364
-76
156
442
-164
592
700
-704
748
886
912
932
512
-540
-310
698
-62
568
830
854
-188
350
-816
-652
284
124
-414
-972
774
-490
-494
664
-150
172
-866
-386
-312
-214
152
-450
-254
662
356
-80
-136
426
492
-42
794
-502
580
-26
26
842
684
-930
322
544
-196
362
678
944
540
994
-74
690
-368
796
-4
862
-234
430
654
628
-818
682
-952
84
16
-804
-370
728
-882
290
-944
-800
-700
-936
-852
190
-58
-58
-840
-240
-346
-820
792
244
-812
810
-980
238
708
504
474
-876
890
184
-522
416
-530
-534
-270
554
666
658
-232
-608
-628
-744
150
820
-666
106
-258
-622
-904
-690
156
-992
694
-994
-10
-172
-34
-938
320
122
88
478
336
-38
-532
-234
222
-946
-20
-690
-216
76
848
-920
-36
-326
-634
396
956
506
88
460
612
938
750
-258
-112
-524
300
-584
106
268
-14
60
-982
-466
-332
-308
708
-138
-842
-170
-784
990
-48
896
44
840
96
364
-790
-34
82
22
638
306
-694
122
-832
-56
-162
-452
-292
448
604
-280
-502
238
-318
-480
76
362
658
-52
682
-778
754
