-750
-6
-203
641
894
-587
-742
-4
391
-355
743
-62
917
-680
754
-876
-341
-834
-879
-86
2
-772
829
18
289
-423
765
541
-346
-661
-339
162
-957
762
-697
-900
-746
116
-419
-251
18
279
-667
-902
59
865
-1
673
-182
-247
748
517
-953
-881
-622
-398
326
988
647
-302
-327
-586
-954
194
-725
-377
584
235
990
72
224
-63
-855
662
-13
-921
-146
632
-755
-14
288
28
806
854
957
-635
-342
-791
-68
-226
521
-404
-982
-331
-114
364
-889
-76
156
442
-164
592
-615
829
467
700
-704
748
293
589
777
-987
103
-685
197
495
-593
886
912
932
-931
512
-540
-310
-425
698
-62
568
617
213
830
-289
657
-989
854
-188
-567
350
-816
213
-652
284
124
-414
-959
81
-972
-107
-159
774
-490
-494
664
-150
703
529
51
172
-866
613
933
363
-195
-419
657
-386
-312
-214
429
101
152
669
-763
69
-450
987
-879
-254
662
-589
431
-479
356
-80
205
-136
-225
426
492
-67
719
-959
-277
-42
-105
-219
-897
794
-502
809
580
-26
595
-971
-239
-517
26
-735
842
707
967
-31
684
-930
-941
322
499
649
549
933
544
-196
362
678
944
-265
540
-269
-377
-983
994
-74
690
-368
-529
961
-933
-573
796
-4
-489
862
-234
-739
133
-793
-275
430
17
654
628
113
-818
-177
682
-952
84
16
217
-804
-370
279
728
-882
290
-944
-579
-800
-53
-481
-700
-861
-789
-505
-95
285
-901
-936
-852
190
187
-58
-58
-840
-305
-240
745
-346
-820
-203
792
763
497
-389
781
244
-637
-812
810
-980
238
708
557
504
159
474
-876
890
495
184
-522
-955
416
-361
399
-530
73
-19
317
-534
371
-709
537
-270
554
735
777
666
275
658
-232
-447
-608
-628
-744
-7
831
150
95
820
709
-77
-666
-863
106
993
-258
-97
-622
657
-904
-690
156
-992
694
-994
-10
-172
-34
-929
-938
320
122
-891
-409
421
88
145
-945
478
955
336
-38
-532
-234
222
165
319
-609
-55
835
-946
-20
-690
-216
881
-41
76
848
241
-781
-219
-920
-36
-326
983
261
857
-969
-634
396
-197
941
-875
956
506
88
460
-787
-99
612
938
750
-258
405
-112
-524
300
981
-584
-779
106
-969
845
268
-14
-291
-897
60
-982
-805
-466
-553
-332
-308
708
-138
-842
-170
595
-784
-77
89
990
-48
896
-491
44
840
96
364
-790
-34
917
82
22
638
-85
306
-694
-453
131
465
122
-832
-56
-162
-357
-452
-292
448
604
267
931
-280
695
-502
238
-318
895
-480
-833
17
76
-553
362
63
653
658
-183
-71
669
-52
682
-778
-211
754
187
927
-395
